GalaxyID_test,Snap_Last_Minor_Merger,L_Last_Minor_Merger,Redshift_Minor
9162873,28,1.3947572708129885,0.0
15846479,28,1.1179755926132202,0.0
9166019,28,1.1096305847167969,0.0
8902165,28,1.453510880470276,0.0
15705955,28,1.63838529586792,0.0
16802829,28,1.537605881690979,0.0
15328473,28,1.1013917922973633,0.0
10950179,28,1.3773069381713867,0.0
16491888,28,1.1950149536132812,0.0
14175622,28,1.3875467777252195,0.0
14418320,28,1.388003706932068,0.0
15597923,28,1.656513214111328,0.0
8477729,28,1.182772159576416,0.0
16882280,28,1.1372376680374146,0.0
16472249,28,1.158785343170166,0.0
8500518,28,1.2034833431243896,0.0
8858657,28,1.207435131072998,0.0
9950340,28,1.2764883041381836,0.0
8725617,28,1.1622118949890137,0.0
17480553,28,1.1388466358184814,0.0
17418547,28,1.373709201812744,0.0
16229685,28,1.8021986484527588,0.0
11402531,28,1.4809157848358154,0.0
17391092,28,1.1518534421920776,0.0
8460063,28,1.2799520492553709,0.0
8963514,28,1.306153416633606,0.0
18112848,28,1.3097143173217771,0.0
13677386,28,1.2728350162506104,0.0
14266205,28,1.1473288536071775,0.0
16161679,28,1.5517209768295288,0.0
15823417,28,1.3836208581924438,0.0
16477548,28,1.2223443984985352,0.0
8563942,28,1.1547752618789673,0.0
14318126,28,1.3947534561157229,0.0
13221592,28,1.2206875085830688,0.0
14784533,28,1.9402037858963013,0.0
17467743,28,1.1372398138046265,0.0
16911816,28,1.2791224718093872,0.0
17974615,28,2.583995819091797,0.0
19784479,28,1.1427505016326904,0.0
19182761,28,1.1055938005447388,0.0
17366604,28,1.5227596759796145,0.0
14861045,28,1.313726544380188,0.0
10227192,28,1.2014399766921997,0.0
16543297,28,1.1084392070770264,0.0
9810932,28,1.108728289604187,0.0
14766123,28,1.897417902946472,0.0
16030139,28,1.5429565906524658,0.0
19891777,28,1.279348373413086,0.0
17094054,28,1.683521747589111,0.0
8402936,28,1.20419180393219,0.0
14227199,28,1.1388657093048096,0.0
15569344,28,1.2868379354476929,0.0
8594638,28,1.3345540761947632,0.0
16185808,28,1.7737349271774292,0.0
11044017,28,1.111710786819458,0.0
14395655,28,1.2654889822006226,0.0
10857865,28,1.315799117088318,0.0
15091774,28,1.100677490234375,0.0
13866051,28,1.2593246698379517,0.0
15410273,28,1.320075511932373,0.0
15187264,28,1.1497788429260254,0.0
9081991,28,1.310557842254639,0.0
17845683,28,1.1876635551452637,0.0
15430411,28,1.5777757167816162,0.0
10803440,28,1.495100021362305,0.0
18308116,28,1.4026399850845337,0.0
19575152,28,1.1964428424835205,0.0
18250541,28,1.7245672941207886,0.0
18367233,28,1.9949082136154173,0.0
9542932,28,1.1913654804229736,0.0
8692369,28,1.728102445602417,0.0
16281214,28,1.51040780544281,0.0
19701409,28,1.197980880737305,0.0
14120120,28,1.3537030220031738,0.0
9691855,28,1.4115183353424072,0.0
8561074,28,1.447407841682434,0.0
18167601,28,1.4846435785293581,0.0
17304600,28,1.836064696311951,0.0
13914718,28,1.5716999769210815,0.0
15501297,28,1.3144880533218384,0.0
9076698,28,1.4932620525360107,0.0
17140714,28,1.140077829360962,0.0
8230966,28,14.521581649780273,0.0
8664336,28,1.1198008060455322,0.0
9833053,28,1.4375380277633667,0.0
17765765,28,1.4385874271392822,0.0
17559547,28,1.1424930095672607,0.0
17772976,28,1.107828974723816,0.0
8819792,28,1.2364989519119265,0.0
11535135,28,1.3199306726455688,0.0
17461240,28,1.647254467010498,0.0
9012764,28,1.1382843255996704,0.0
17937667,28,1.3736990690231323,0.0
14677787,28,1.222003936767578,0.0
9911206,28,1.1622953414916992,0.0
10420476,28,1.1017016172409058,0.0
16244164,28,1.2487024068832395,0.0
9638853,28,1.9052704572677608,0.0
20742138,28,1.3386391401290894,0.0
16390783,28,1.1424405574798584,0.0
17234207,28,1.1497089862823486,0.0
10098636,28,1.6437441110610962,0.0
9177950,28,1.4697515964508057,0.0
6066835,28,1.1349879503250122,0.0
8809751,28,1.3423377275466921,0.0
9517736,28,1.149818778038025,0.0
10270262,28,1.1265883445739746,0.0
8469872,28,8.62300968170166,0.0
16761384,28,1.2501437664031982,0.0
17574678,28,1210.3001708984375,0.0
15362841,28,5.178670883178711,0.0
15028757,28,1.194294571876526,0.0
14459773,28,1.3495792150497437,0.0
20339743,28,1.1545141935348509,0.0
18431033,28,1.4354779720306396,0.0
15909288,28,1.439476490020752,0.0
18405938,28,1.186168551445007,0.0
9928516,28,1.6117768287658691,0.0
17136101,28,4.035904407501222,0.0
16487718,28,1.2920669317245483,0.0
16157603,28,1.3089845180511477,0.0
9208681,28,1.1976944208145142,0.0
16861200,28,1.1040165424346924,0.0
17407790,28,1.2783650159835815,0.0
17923940,28,1.2389044761657717,0.0
16639749,28,1.1432338953018188,0.0
17283835,28,1.644115328788757,0.0
16588425,28,1.39931058883667,0.0
9893299,28,1.2744265794754028,0.0
17508359,28,1.6113487482070925,0.0
16191774,28,1.7658283710479736,0.0
16173789,28,1.5003973245620728,0.0
15528597,28,1.4349753856658936,0.0
9617290,28,1.870628237724304,0.0
9227009,28,1.6833339929580688,0.0
14809906,28,1.265531063079834,0.0
9368070,28,1.4483673572540283,0.0
8900328,28,1.3112635612487793,0.0
18961506,28,1.2938764095306396,0.0
17171463,28,2.0462605953216557,0.0
17001551,28,1.494839429855347,0.0
8905407,27,1.3792734146118164,0.1
14747623,27,1.381477952003479,0.1
17082771,27,1.1832270622253418,0.1
18194865,27,1.3668320178985596,0.1
9258026,27,1.187442183494568,0.1
10133128,27,1.1419554948806765,0.1
13779544,27,1.1163588762283323,0.1
9137544,27,1.113822340965271,0.1
17718284,27,1.4400891065597534,0.1
10048611,27,1.7960731983184814,0.1
14254226,27,1.1260221004486084,0.1
11525815,27,1.349350094795227,0.1
9211156,27,71.9225845336914,0.1
2748527,27,1.6422927379608154,0.1
16598385,27,1.2247682809829712,0.1
14523328,27,1.3307205438613892,0.1
15973149,27,1.1065049171447754,0.1
12779382,27,1.188832402229309,0.1
9239917,27,1.3684245347976685,0.1
13746724,27,1.272066354751587,0.1
10875680,27,1.125516414642334,0.1
8965614,27,1.702345609664917,0.1
15322026,27,1.1635645627975464,0.1
17835494,27,1.6072046756744385,0.1
12767853,27,1.7745630741119385,0.1
16005098,27,1.3264368772506714,0.1
16928821,27,3.1906583309173584,0.1
14018345,27,1.3992087841033936,0.1
15295233,27,1.1340504884719849,0.1
16049479,27,1.1727607250213623,0.1
14664986,27,1.1067512035369873,0.1
8324881,27,1.2964822053909302,0.1
8613787,27,1.1441093683242798,0.1
17183687,27,1.1051331758499146,0.1
10105008,27,1.4682173728942869,0.1
8727293,27,1.4957271814346311,0.1
17987891,27,1.1817727088928225,0.1
17473041,27,34.97298812866211,0.1
18080369,27,1.2297567129135132,0.1
15305908,27,1.1761494874954224,0.1
16394336,27,1.5929063558578491,0.1
13715537,27,1.6579453945159912,0.1
17037404,27,1.1740132570266724,0.1
6659446,27,1.362014651298523,0.1
16618996,27,22.91065216064453,0.1
9388125,27,1.183018922805786,0.1
19054212,27,1.2336522340774536,0.1
17754702,27,1.2238912582397459,0.1
14593753,27,1.2430986166000366,0.1
13864313,27,1.232176423072815,0.1
17374402,27,1.230396389961243,0.1
8480955,27,1.1584018468856812,0.1
16627259,27,1.2046804428100586,0.1
17392884,27,1.310713291168213,0.1
8621305,27,1.12038254737854,0.1
8945136,27,1.6932264566421509,0.1
10483288,27,1.1923909187316897,0.1
17071982,27,1.3217724561691284,0.1
8264928,27,1.2718864679336548,0.1
17654556,27,1.6005921363830566,0.1
2780928,27,1.4058442115783691,0.1
18115428,27,1.1552730798721311,0.1
9022543,27,1.141775608062744,0.1
8525642,27,1.7214901447296145,0.1
9641080,27,1.1595522165298462,0.1
12785591,27,1.2748596668243408,0.1
12703762,27,1.1028728485107422,0.1
10189420,27,1.6476755142211914,0.1
12132759,27,1.4817986488342283,0.1
15063054,27,1.190576672554016,0.1
9716327,27,1.2922278642654421,0.1
9228472,27,1.1466573476791382,0.1
1763816,27,1.7571581602096558,0.1
15484682,27,1.1353057622909546,0.1
16204627,27,1.2575945854187012,0.1
16056371,27,1.149390459060669,0.1
9633337,27,1.2569797039031982,0.1
10915109,27,1.6547967195510864,0.1
10046237,27,1.3675153255462646,0.1
18088612,27,1.2500324249267578,0.1
10202982,27,1.5455801486968994,0.1
9758420,27,1.1310460567474363,0.1
8432720,27,1.2484740018844604,0.1
12187581,27,2.8775060176849365,0.1
10323276,27,1.4622806310653689,0.1
15654214,27,4.0800490379333505,0.1
16807937,27,1.1122945547103882,0.1
18873061,27,1.3071407079696655,0.1
16956975,27,1.3719658851623535,0.1
10003929,27,1.1682085990905762,0.1
8976541,27,1.1050596237182615,0.1
12676166,27,1.6166238784790041,0.1
8686632,27,1.1797282695770264,0.1
8961772,27,1.4038095474243164,0.1
14559627,27,1.823458671569824,0.1
10230192,27,1.458493947982788,0.1
9938600,27,1.2406728267669678,0.1
8323310,27,1.6177377700805664,0.1
10088970,27,1.7053844928741455,0.1
9287830,27,24.9872989654541,0.1
9943637,27,1.417553186416626,0.1
19987957,26,1.1823889017105105,0.18
16424324,26,1.316197395324707,0.18
8550655,26,1.119168043136597,0.18
9331415,26,1.131102442741394,0.18
11561158,26,3.339608192443848,0.18
10565598,26,1.1770362854003906,0.18
15990650,26,1.2125732898712158,0.18
14728142,26,1.6779568195343018,0.18
17483369,26,1.3802634477615356,0.18
19507560,26,1.4605093002319336,0.18
16996937,26,1.2238070964813232,0.18
15402075,26,1.168380856513977,0.18
15265735,26,1.204393744468689,0.18
10416762,26,1.1327418088912964,0.18
17633192,26,1.2212185859680176,0.18
17932703,26,1.1817567348480225,0.18
2490437,26,1.8750401735305784,0.18
9139292,26,1.1116327047348022,0.18
10335383,26,1.6616744995117188,0.18
16623392,26,1.1166865825653076,0.18
15878251,26,1.4652376174926758,0.18
18544428,26,17.303197860717773,0.18
13872509,26,1.2682218551635742,0.18
8304408,26,1.5170626640319824,0.18
17246197,26,1.3793669939041138,0.18
8703530,26,1.2509170770645142,0.18
9214338,26,1.2894256114959717,0.18
8920434,26,1.1344226598739624,0.18
9266059,26,1.1010096073150637,0.18
14841934,26,1.53762948513031,0.18
18416570,26,1.543853759765625,0.18
15589743,26,1.2959579229354858,0.18
16447237,26,1.2095495462417605,0.18
15172288,26,1.3436720371246338,0.18
10296223,26,1.510960817337036,0.18
20259284,26,3.8918068408966064,0.18
9263568,26,1.114166259765625,0.18
13857960,26,1.250519633293152,0.18
8498872,26,1.402684450149536,0.18
18454336,26,1.2624614238739014,0.18
15038750,26,1.2167296409606934,0.18
18352115,26,5.9002556800842285,0.18
8090112,26,1.2544816732406616,0.18
2289703,26,10.807278633117676,0.18
1399922,26,1.1587063074111938,0.18
19915810,26,1.2722434997558594,0.18
15227040,26,1.3365515470504759,0.18
17422086,26,1.2420991659164429,0.18
16677354,26,1.3966693878173828,0.18
8737296,26,1.433024525642395,0.18
11450389,26,1.1530858278274536,0.18
8711318,26,1.1969006061553955,0.18
15851557,26,1.937055230140686,0.18
9348795,26,1.2792035341262815,0.18
20429477,26,1.2537261247634888,0.18
17068441,26,1.4023000001907349,0.18
10406312,26,1.1419296264648438,0.18
10557407,26,8.657888412475586,0.18
16210120,26,1.2904527187347412,0.18
9786060,26,1.651949763298035,0.18
10408025,26,1.7409309148788452,0.18
8274106,26,1.6187189817428589,0.18
14720585,26,35.59338760375977,0.18
17154751,26,1.186938762664795,0.18
16398554,26,1.3836787939071655,0.18
14815346,26,1.199286937713623,0.18
9620150,26,1.1309139728546145,0.18
15197399,26,1.1632453203201294,0.18
17752120,26,4.883453369140625,0.18
8816166,26,1.1418704986572266,0.18
18151088,26,1.257069706916809,0.18
17296516,26,1.1024978160858154,0.18
17837673,26,1.1125246286392212,0.18
10001964,26,1.3845854997634888,0.18
16948257,26,1.2622920274734497,0.18
9006562,26,1.333141207695007,0.18
9756946,26,1.1703811883926392,0.18
16403898,26,1.4628009796142578,0.18
14216102,26,3.471827268600464,0.18
16090541,26,1.2011302709579468,0.18
17820509,26,1.4124373197555542,0.18
18680975,26,1.213434100151062,0.18
16120199,26,1.2365895509719849,0.18
15110221,26,1.5243582725524902,0.18
15522088,26,10.328975677490234,0.18
15548147,26,1.198192477226257,0.18
9634679,26,1.5973516702651978,0.18
18099216,26,1.1129013299942017,0.18
17961350,26,1.1556053161621094,0.18
10500691,26,1.314869999885559,0.18
9251926,26,1.1208189725875854,0.18
18758770,26,1.65907084941864,0.18
9632385,26,1.6390641927719116,0.18
9602574,26,1.2652430534362793,0.18
9709796,26,1.834301233291626,0.18
16664981,26,1.8326672315597532,0.18
16668992,26,1.401541233062744,0.18
8434936,26,1.8526711463928225,0.18
13151895,26,1.2688038349151611,0.18
8358440,26,1.3383378982543943,0.18
16433029,26,4.226835250854491,0.18
18279145,26,1.3314915895462036,0.18
10242261,26,1.4433311223983765,0.18
20474647,26,1.1113431453704834,0.18
10152756,26,2.663494110107422,0.18
9651173,26,1.109365463256836,0.18
15561788,26,1.140140175819397,0.18
8862668,26,1.2323933839797974,0.18
17554489,26,1.1046264171600342,0.18
18399452,26,1.3582557439804075,0.18
8557835,26,1.4014749526977541,0.18
9225417,25,1.449429988861084,0.27
16062294,25,1.3156287670135498,0.27
14487345,25,1.154906988143921,0.27
8483645,25,1.330843448638916,0.27
8946830,25,1.1950415372848509,0.27
8290282,25,1.6633059978485107,0.27
10575286,25,1.136749505996704,0.27
17992290,25,1.222076177597046,0.27
16291699,25,1.2163515090942385,0.27
8915063,25,1.1390634775161743,0.27
9463307,25,1.3124052286148071,0.27
611455,25,1.1382139921188354,0.27
9706645,25,1.123300313949585,0.27
16253921,25,1.6982079744338991,0.27
10251666,25,1.169529676437378,0.27
12638128,25,1.1247328519821167,0.27
10316711,25,1.6969871520996094,0.27
16179867,25,1.2837063074111938,0.27
18423921,25,1.462330937385559,0.27
8924821,25,1.3175907135009766,0.27
8829294,25,1.2352522611618042,0.27
9052811,25,2.0096361637115483,0.27
9201925,25,3.7361261844635014,0.27
17497366,25,1.3249667882919312,0.27
8814842,25,1.368290901184082,0.27
9918196,25,1.71277117729187,0.27
14582104,25,1.1696362495422363,0.27
17167734,25,1.165164589881897,0.27
11502825,25,1.211421251296997,0.27
8978300,25,1.2077151536941528,0.27
18067707,25,1.1851675510406494,0.27
10257626,25,1.724529266357422,0.27
9174355,25,32.62733840942383,0.27
14164096,25,1.264845371246338,0.27
9354174,25,1.244418025016785,0.27
15157617,25,1.3125203847885132,0.27
18433096,25,1.462036371231079,0.27
9681628,25,1.18861186504364,0.27
9959733,25,1.1070077419281006,0.27
16322845,25,3.593735933303833,0.27
12176835,25,1.265763521194458,0.27
9973364,25,1.1962885856628418,0.27
9440185,25,1.57021164894104,0.27
10819137,25,1.487393498420715,0.27
16745326,25,1.301343560218811,0.27
20359745,25,1049.8790283203123,0.27
17401204,25,1.1950701475143433,0.27
17395889,25,1.1051998138427734,0.27
18435213,25,1.3380120992660522,0.27
16550702,25,1.5414857864379885,0.27
17875911,25,1.3869187831878662,0.27
8733178,25,1.2234688997268677,0.27
10244344,25,1.329286813735962,0.27
15541999,25,1.4917449951171875,0.27
17107478,25,1.1855071783065796,0.27
17643577,25,1.2347017526626587,0.27
13709939,25,1.2624539136886597,0.27
10705994,25,1.1074669361114502,0.27
8628413,25,1.1444593667984009,0.27
12648879,25,1.256377100944519,0.27
18060725,25,1.3445461988449097,0.27
9729689,25,1.1645715236663818,0.27
14059469,25,1.4684771299362185,0.27
8109570,25,1.1816725730895996,0.27
9686959,25,1.2210348844528198,0.27
15583094,25,1.173002004623413,0.27
16100139,25,1.186005473136902,0.27
8077031,25,1.5065698623657229,0.27
12690763,25,1.2922874689102173,0.27
12701692,25,1.655464768409729,0.27
14476588,25,1.3412890434265137,0.27
10249247,25,1.1196610927581787,0.27
8699265,25,1.1187843084335327,0.27
17585532,25,1.115992784500122,0.27
10204082,25,1.2658474445343018,0.27
17889273,25,1.3887827396392822,0.27
9380244,25,1.3391704559326172,0.27
9828840,25,1.1977812051773071,0.27
20695119,25,1.1224044561386108,0.27
14822489,25,1.1836471557617188,0.27
10238905,25,1.522387146949768,0.27
17011392,25,1.1409472227096558,0.27
20724973,25,1.184188723564148,0.27
17348507,25,1.4739323854446411,0.27
15940995,25,2.7212154865264893,0.27
8282540,25,1.1015995740890503,0.27
14696151,25,1.3119746446609497,0.27
16720413,25,1.1865288019180298,0.27
17386981,25,2.289016962051392,0.27
17079993,25,1.1812171936035156,0.27
15554595,25,1.5850523710250854,0.27
16960167,25,1.457326054573059,0.27
8868680,25,1.1931062936782837,0.27
9891649,25,1.1251121759414673,0.27
15386754,25,1.2540168762207031,0.27
17424918,25,1.3184754848480225,0.27
11455095,25,1.1825519800186155,0.27
15904404,25,1.3556926250457764,0.27
17029974,25,1.2274335622787476,0.27
16249622,25,1.375413179397583,0.27
9647056,25,1.6248496770858765,0.27
14021165,25,1.1321271657943726,0.27
10377621,25,1.6297954320907593,0.27
18181888,25,1.2132033109664917,0.27
8353604,25,1.2276021242141724,0.27
8388372,25,2.137380838394165,0.27
8870453,25,1.5396839380264282,0.27
17505528,25,1.4086521863937378,0.27
8615266,25,1.357596755027771,0.27
9874753,25,4.042981624603272,0.27
9108582,25,1.5339131355285645,0.27
653640,25,1.1512162685394287,0.27
18162104,25,28.488176345825195,0.27
2948350,25,1.1942557096481323,0.27
10559708,25,1.423543930053711,0.27
16135804,25,1.1383428573608398,0.27
16364619,25,1.1590635776519775,0.27
15336991,25,1.168520212173462,0.27
18179567,25,1.2005817890167236,0.27
9854113,25,1.1595796346664429,0.27
10128772,25,1.1244871616363523,0.27
18041099,25,1.3827506303787231,0.27
981980,25,1.4306393861770632,0.27
18470776,24,1.5333285331726074,0.37
9895736,24,1.1178041696548462,0.37
10039759,24,1.2843832969665527,0.37
19534448,24,1.2481961250305176,0.37
10178758,24,1.1857160329818726,0.37
12699139,24,1.2623388767242432,0.37
18022138,24,1.3102704286575315,0.37
16565964,24,1.1437366008758545,0.37
8632037,24,1.4353175163269043,0.37
18601016,24,1.2386515140533447,0.37
8591423,24,1.2312378883361816,0.37
15118185,24,1.2081892490386963,0.37
10122176,24,1.10941481590271,0.37
9659441,24,1.1005992889404297,0.37
13703673,24,1.1423499584197998,0.37
18447769,24,1.3126943111419678,0.37
10092168,24,3.519751787185669,0.37
14607787,24,1.665364384651184,0.37
13633591,24,1.1544431447982788,0.37
16886030,24,1.2541971206665041,0.37
9284259,24,1.4058908224105835,0.37
9636079,24,1.5224882364273071,0.37
8540530,24,1.131569266319275,0.37
18357987,24,1.1917606592178345,0.37
15207474,24,1.1375079154968262,0.37
19076566,24,1.233775973320007,0.37
12190345,24,1.374673843383789,0.37
10049926,24,1.4009836912155151,0.37
9813651,24,1.954277753829956,0.37
9946986,24,1.2032614946365356,0.37
9397255,24,1.5692815780639648,0.37
8350685,24,1.6094191074371338,0.37
10554760,24,3.5156338214874268,0.37
16874412,24,1.2956167459487915,0.37
8968983,24,1.1635574102401731,0.37
8823157,24,1.412942886352539,0.37
20943532,24,1.1941386461257937,0.37
11568391,24,1.2648019790649414,0.37
6082966,24,1.568749189376831,0.37
10045343,24,1.1707903146743774,0.37
18051511,24,1.1436502933502195,0.37
18160042,24,1.6426879167556765,0.37
8669006,24,1.1707534790039062,0.37
10775511,24,1.8489948511123655,0.37
18294880,24,1.604458570480347,0.37
17377610,24,1.1123286485671997,0.37
16692290,24,1.183545708656311,0.37
17064786,24,1.2437211275100708,0.37
8508010,24,1.3592841625213623,0.37
17310808,24,1.119882106781006,0.37
16106437,24,1.4975634813308716,0.37
17676396,24,1.511985182762146,0.37
10357347,24,1.4002541303634644,0.37
14618435,24,1.5456808805465698,0.37
17664410,24,1.7921652793884275,0.37
197363,24,1.1613842248916626,0.37
17839827,24,1.330012321472168,0.37
15381417,24,1.966493010520935,0.37
18391952,24,1.2251414060592651,0.37
9035933,24,1.1145212650299072,0.37
10854354,24,1.5154001712799072,0.37
9062528,24,1.2331091165542605,0.37
9425387,24,1.8114924430847168,0.37
20710010,24,1.1286686658859253,0.37
9055873,24,1.5575600862503052,0.37
20440704,24,1.2564053535461426,0.37
15070187,24,1.6062498092651367,0.37
10193360,24,1.1521586179733276,0.37
15967012,24,1.1700804233551023,0.37
16653664,24,1.4317337274551392,0.37
18290627,24,1.2269283533096311,0.37
15084442,24,1.2931594848632812,0.37
16935095,24,1.371185302734375,0.37
13692748,24,1.12526273727417,0.37
8425844,24,1.1969506740570068,0.37
8770454,24,1.5435011386871338,0.37
10007496,24,1.191536545753479,0.37
14371824,24,1.154545783996582,0.37
15418091,24,1.2051607370376587,0.37
14498362,24,1.12898051738739,0.37
16268671,24,1.3941375017166138,0.37
8575425,24,1.1768285036087036,0.37
12206163,24,1.1971906423568726,0.37
19879649,24,1.3343031406402588,0.37
13698383,24,1.6517477035522459,0.37
14570466,24,1.5117443799972534,0.37
10127623,24,1.7604966163635254,0.37
20414028,24,1.3864877223968506,0.37
9768387,24,1.1366009712219238,0.37
10624027,24,1.802793264389038,0.37
14851689,24,1.6539077758789062,0.37
15424768,24,1.205624222755432,0.37
9804191,24,1.2334637641906738,0.37
10042583,24,1.4992947578430176,0.37
9479185,24,1.1190561056137085,0.37
10117048,24,1.3058136701583862,0.37
9762289,24,1.261809468269348,0.37
10168969,24,1.2892904281616209,0.37
8414200,24,2.621741533279419,0.37
15890725,24,1.1756466627120972,0.37
12137660,24,1.3684407472610474,0.37
18056321,24,1.4836561679840088,0.37
14531471,24,1.3945165872573853,0.37
16689343,24,1.3048374652862549,0.37
19955964,24,1.1463521718978882,0.37
16409436,24,1.3108696937561035,0.37
15667566,24,1.2842490673065186,0.37
10733158,24,1.2206652164459229,0.37
8689645,24,1.4902435541152954,0.37
17713162,24,1.130345582962036,0.37
9366625,24,1.1102155447006226,0.37
17799611,24,3.4097740650177,0.37
9008303,24,3.5005269050598145,0.37
14093861,24,1.590128779411316,0.37
17990051,24,1.7420594692230225,0.37
17535726,24,1.336326241493225,0.37
9735077,24,1.1729649305343628,0.37
17873830,24,1.1135035753250122,0.37
16150065,24,1.3537585735321045,0.37
16024914,24,1.6709322929382324,0.37
15018059,24,55.94798278808594,0.37
17527003,24,1.4507908821105957,0.37
17117148,24,1.1594569683074951,0.37
9731856,24,30.902929306030273,0.37
9105123,24,1.353380799293518,0.37
17737061,24,1.5523121356964111,0.37
16750449,24,1.5251212120056152,0.37
13284137,24,1.1731237173080444,0.37
16515783,24,1.136143922805786,0.37
15602667,24,1.2548919916152954,0.37
17884044,24,1.70680034160614,0.37
20574261,24,1.3639527559280396,0.37
8997130,24,1.6159563064575195,0.37
19521426,24,1.235836625099182,0.37
14534192,24,1.1335322856903076,0.37
19380932,24,4383.9462890625,0.37
8398225,24,1.1708053350448608,0.37
12724543,24,1.1028604507446291,0.37
13664607,24,1.1411997079849243,0.37
17382930,24,1.1533968448638916,0.37
16931056,24,1.8999567031860352,0.37
12002343,24,1.3323121070861816,0.37
13738373,24,1.6574047803878784,0.37
13184670,24,1.4217705726623535,0.37
10345836,24,1.1356251239776611,0.37
8850935,24,1.4266318082809448,0.37
16832144,24,15.720318794250488,0.37
20390999,24,1.1302804946899414,0.37
10668208,24,1.4017261266708374,0.37
10670173,24,1.1209924221038818,0.37
17124510,24,1.1327778100967407,0.37
11537568,24,1.2011351585388184,0.37
16342998,24,1.177240252494812,0.37
12767218,24,1.8209657669067385,0.37
20043745,24,8.213667869567871,0.37
17618660,24,1.2767971754074097,0.37
10740679,24,1.2677021026611328,0.37
18481114,24,1.214815616607666,0.37
17162000,24,1.3223466873168943,0.37
11515978,24,1.4198448657989502,0.37
11531794,24,1.220128059387207,0.37
8080038,24,1.543231964111328,0.37
19927838,24,1.2981359958648682,0.37
14240975,24,1.5616748332977295,0.37
8357017,24,1.13392972946167,0.37
16300531,24,1.1755844354629517,0.37
15691064,24,1.118463397026062,0.37
18171868,24,1.4209102392196655,0.37
11503868,24,1.1472444534301758,0.37
9512113,24,1.5454262495040894,0.37
15313860,24,1.1767866611480713,0.37
15393778,23,1.3551298379898071,0.5
2112126,23,3.437668800354004,0.5
8364906,23,1.310770034790039,0.5
17911420,23,1.2423999309539795,0.5
16238797,23,1.138511300086975,0.5
14967952,23,54.044471740722656,0.5
8708413,23,1.3787680864334106,0.5
8980186,23,1.9661076068878172,0.5
8349163,23,1.2702633142471311,0.5
9063624,23,1.4226528406143188,0.5
18356558,23,1.1115049123764038,0.5
15242251,23,1.2433089017868042,0.5
15809550,23,1.3046869039535522,0.5
9837199,23,1.1618504524230957,0.5
16841705,23,1.81363046169281,0.5
9019264,23,1.3673028945922852,0.5
13678885,23,1.339410662651062,0.5
8745474,23,2.591386318206787,0.5
14916079,23,1.2315523624420166,0.5
8694639,23,1.61963152885437,0.5
19299050,23,1.2199761867523191,0.5
17783096,23,5.286832809448242,0.5
16420094,23,1.6290085315704346,0.5
19020656,23,1.1269612312316897,0.5
18276409,23,1.2798149585723877,0.5
8895812,23,1.4337998628616333,0.5
18156687,23,1.2496058940887451,0.5
18085861,23,9.284915924072266,0.5
19128179,23,1.2207393646240234,0.5
8776659,23,1.4986270666122437,0.5
10639641,23,5.306300163269043,0.5
16968827,23,1.1662967205047607,0.5
8873580,23,1.1887516975402832,0.5
9309357,23,1.1117497682571411,0.5
10313009,23,1.2890642881393433,0.5
7173883,23,1.2323306798934937,0.5
15953505,23,1.4331471920013428,0.5
17357222,23,1.904309153556824,0.5
8766569,23,1.120606780052185,0.5
9842935,23,1.1214354038238523,0.5
17948663,23,22.21962547302246,0.5
9003479,23,1.1225734949111938,0.5
9095345,23,1.265527606010437,0.5
9386511,23,1.35652494430542,0.5
9302115,23,1.4485286474227903,0.5
17033425,23,1.1097792387008667,0.5
12109007,23,1.317704677581787,0.5
9552226,23,1.1453748941421509,0.5
11464247,23,1.7663476467132568,0.5
8764212,23,1.157223105430603,0.5
10125258,23,1.2965459823608398,0.5
9767426,23,1.5427598953247068,0.5
8785846,23,1.9850503206253047,0.5
16925427,23,20.64316940307617,0.5
16437977,23,1.1879794597625732,0.5
18106756,23,1.1274211406707764,0.5
8562465,23,1.2612131834030151,0.5
9792407,23,1.8078501224517824,0.5
17818556,23,1.536296248435974,0.5
18387572,23,1.1206871271133425,0.5
15076081,23,1.2354934215545654,0.5
14829298,23,1.2575637102127075,0.5
13217142,23,1.1195107698440552,0.5
18174421,23,21.787492752075195,0.5
13886254,23,1.348541021347046,0.5
20242621,23,1.3570553064346311,0.5
16662839,23,1.3182250261306765,0.5
14471017,23,1.223333716392517,0.5
9642758,23,1.2956300973892212,0.5
16504438,23,1.3740477561950684,0.5
8302235,23,5.344038009643555,0.5
17763271,23,1.5759975910186768,0.5
9074809,23,1.8853180408477783,0.5
18063591,23,1.1542032957077026,0.5
8443040,23,1.1982288360595703,0.5
9042744,23,1.20796799659729,0.5
10282280,23,1.4558203220367432,0.5
17491004,23,9.5924072265625,0.5
8739448,23,14.945019721984865,0.5
15490692,23,1.4401488304138184,0.5
9666767,23,6.68390417098999,0.5
18143518,23,2.74297308921814,0.5
17164303,23,1.4232121706008911,0.5
12654693,23,1.2294573783874512,0.5
14338940,23,1.2459756135940552,0.5
1718560,23,1.3985748291015625,0.5
20995479,23,1.2334768772125244,0.5
16981991,23,1.100637674331665,0.5
14642196,23,1.2944484949111938,0.5
9441220,23,1.1163657903671265,0.5
9821192,23,1.3349967002868652,0.5
12093500,23,1.109170913696289,0.5
17703229,23,1.1022833585739136,0.5
9876754,23,1.2118531465530396,0.5
10320320,23,1.186566710472107,0.5
8458137,23,1.128522872924805,0.5
10701958,23,1.1116796731948853,0.5
8849003,23,1.312193751335144,0.5
17469550,23,1.4599390029907229,0.5
17557355,23,1.1104910373687744,0.5
15710021,23,4.808929920196533,0.5
18140480,23,1.158169507980347,0.5
18037031,23,1.4662978649139404,0.5
10513356,23,1.442381739616394,0.5
19316800,23,1.1690952777862549,0.5
17528946,23,1.1579079627990725,0.5
15437985,23,1.3240960836410522,0.5
20069906,23,1.1815496683120728,0.5
9237862,23,2.749580383300781,0.5
14281806,23,1.112116456031799,0.5
10141547,23,1.4002275466918943,0.5
17519777,23,1.4929277896881104,0.5
8530808,23,1.580885648727417,0.5
18253968,23,1.1313235759735107,0.5
8595936,23,1.1775623559951782,0.5
9020523,23,1.6130328178405762,0.5
8517165,23,1.3313013315200806,0.5
8948514,23,1.8531304597854612,0.5
16715858,23,1.2212929725646973,0.5
17548740,23,1.6137685775756836,0.5
11564242,23,1.1025182008743286,0.5
8475282,23,1.2692759037017822,0.5
12127247,23,1.2432454824447632,0.5
16467493,23,1.134790539741516,0.5
8995405,23,1.2279446125030518,0.5
17630010,23,1.4223681688308716,0.5
10473450,23,1.1275578737258911,0.5
9978451,23,1.183817744255066,0.5
13668560,23,1.1619216203689575,0.5
16965345,23,24.53018951416016,0.5
18020417,22,1.1178121566772459,0.62
14674760,22,1.254178524017334,0.62
9644308,22,1.318499207496643,0.62
9414770,22,1.7445602416992188,0.62
17532642,22,1.1051490306854248,0.62
15984133,22,1.5744590759277344,0.62
15165512,22,1.2178956270217896,0.62
16510724,22,1.1624093055725098,0.62
14436222,22,1.2608884572982788,0.62
8935446,22,1.2626055479049685,0.62
1375833,22,1.29442036151886,0.62
9739791,22,1.197426438331604,0.62
15535361,22,1.1419636011123655,0.62
19814705,22,1.3466153144836426,0.62
10447829,22,1.4457199573516846,0.62
15804165,22,1.6984328031539917,0.62
8506883,22,1.1925781965255735,0.62
11758243,22,1.2442337274551392,0.62
9912257,22,13.95565700531006,0.62
15635732,22,1.4676698446273804,0.62
10632940,22,1.230833649635315,0.62
18129274,22,1.1571966409683228,0.62
9614141,22,1.19097101688385,0.62
9793594,22,1.108970284461975,0.62
20294914,22,1.3820106983184814,0.62
15343517,22,1.3298039436340332,0.62
17217406,22,1.1172828674316406,0.62
9313402,22,1.1104741096496582,0.62
10517554,22,1.304443359375,0.62
19331309,22,1.1594562530517578,0.62
17451596,22,1.4348773956298828,0.62
8605414,22,1.1070330142974854,0.62
8717752,22,1.5684605836868286,0.62
9476461,22,1.2287132740020752,0.62
12683165,22,246.5458831787109,0.62
8482145,22,1.2697515487670898,0.62
14032064,22,1.3831368684768677,0.62
9886641,22,1.2596479654312134,0.62
13212925,22,1.2776331901550293,0.62
17176508,22,1.1500686407089231,0.62
13662382,22,1.8092855215072632,0.62
10443502,22,1.2426670789718628,0.62
13809906,22,1.1304105520248413,0.62
8922757,22,1.246469259262085,0.62
9600761,22,1.2863072156906128,0.62
8497740,22,1.1115503311157229,0.62
8844016,22,1.2656066417694092,0.62
14202037,22,1.1061975955963137,0.62
17271201,22,1.443169355392456,0.62
2838435,22,1.1354708671569824,0.62
10645724,22,1.141547679901123,0.62
15445483,22,1.305850625038147,0.62
11453997,22,1.596200704574585,0.62
10030066,22,1.5300329923629759,0.62
17886930,22,1.1396242380142212,0.62
9256845,22,1.3158211708068848,0.62
10076353,22,1.1017075777053833,0.62
10353850,22,1.3155381679534912,0.62
15180624,22,1.234585165977478,0.62
8612764,22,1.2083271741867063,0.62
8378610,22,1.1325043439865112,0.62
8801709,22,48.66318893432617,0.62
17686441,22,1.1298772096633911,0.62
19354332,22,1.1108405590057373,0.62
9203269,22,1.3472632169723509,0.62
9777730,22,1.637031078338623,0.62
10239637,22,1.383353590965271,0.62
12784661,22,1.2242740392684937,0.62
10205381,22,1.2062554359436035,0.62
13251387,22,1.1256524324417114,0.62
8790769,22,1.1120764017105105,0.62
2292112,22,9.323002815246582,0.62
10913697,22,1.1287274360656738,0.62
17862869,22,1.319491982460022,0.62
9879165,22,1.1727036237716677,0.62
8283637,22,1.1918965578079224,0.62
13266439,22,1.846487283706665,0.62
13859487,22,1.1434788703918457,0.62
9615538,22,1.294264316558838,0.62
17280530,22,1.2148224115371704,0.62
15125932,22,1.342914581298828,0.62
17313320,22,1.1276649236679075,0.62
17570366,22,1.1055124998092651,0.62
15494457,22,92.0063934326172,0.62
1704971,22,1.391106128692627,0.62
13163160,22,1.1798399686813354,0.62
8953148,22,1.2546318769454956,0.62
21986361,22,1.216059923171997,0.62
17780224,22,1.1001499891281128,0.62
16991086,22,1.5421067476272583,0.62
10047593,22,1.2900971174240112,0.62
10162089,22,1.161546230316162,0.62
8431197,22,1.1038110256195068,0.62
17611275,22,1.343083739280701,0.62
15835145,22,1.241114377975464,0.62
13889992,22,1.111440658569336,0.62
13839081,22,1.2572240829467771,0.62
16079258,22,1.1920742988586426,0.62
17441218,22,1.1766310930252075,0.62
10210422,22,1.1398310661315918,0.62
17715888,22,1.1925591230392456,0.62
16130870,22,1.1938436031341553,0.62
10324277,22,4.611032485961914,0.62
19279479,22,1.2286392450332642,0.62
21730535,22,1.118265986442566,0.62
9952720,22,1.1639260053634644,0.62
9434707,22,1.1973974704742432,0.62
19595681,22,1.425165772438049,0.62
10451079,22,1.243024230003357,0.62
13995967,22,3.671467304229736,0.62
20845348,22,1.1407781839370728,0.62
13167235,22,1.1969047784805298,0.62
13818894,22,1.15092933177948,0.62
8586726,22,1.402490496635437,0.62
17017274,22,1.418156981468201,0.62
17267398,22,215.7072906494141,0.62
17749095,22,1.237860918045044,0.62
2533442,22,1.5157054662704468,0.62
8672479,22,1.140051007270813,0.62
11058614,22,1.1370583772659302,0.62
19835441,22,1.3849095106124878,0.62
16650763,22,1.209633469581604,0.62
20058967,22,1.440686583518982,0.62
18996096,22,1.216338038444519,0.62
14042156,21,1.1442198753356934,0.74
7613425,21,1.253084659576416,0.74
16614949,21,1.1509151458740234,0.74
9028068,21,1.4832345247268677,0.74
20504298,21,1.3346163034439087,0.74
16699987,21,1.6676504611968994,0.74
16971377,21,1.1113280057907104,0.74
2754913,21,1.1353840827941897,0.74
9273893,21,1.3069621324539185,0.74
16736004,21,1.3753665685653689,0.74
16789311,21,1.332939863204956,0.74
14895218,21,1.4004292488098145,0.74
19462908,21,4.533363342285156,0.74
8821464,21,1.155954360961914,0.74
12186188,21,1.1326347589492798,0.74
10735087,21,1.1172672510147097,0.74
17185904,21,1.839468479156494,0.74
9812401,21,1.1615571975708008,0.74
10387803,21,1.224653959274292,0.74
8874840,21,1.1859705448150637,0.74
19800923,21,1.3616985082626345,0.74
10526686,21,1.4419400691986084,0.74
10199061,21,1.2920936346054075,0.74
9773936,21,2.2488844394683842,0.74
10869120,21,1.1613231897354126,0.74
10247407,21,1.4304605722427368,0.74
10159084,21,1.1885271072387695,0.74
14793103,21,1.1099753379821775,0.74
16559174,21,1.344148874282837,0.74
20324216,21,1.4419618844985962,0.74
17022391,21,1.1930137872695925,0.74
10767898,21,1.1778361797332764,0.74
17739741,21,142.84132385253906,0.74
8636849,21,1.135321855545044,0.74
8511297,21,1.144477605819702,0.74
17657622,21,1.2042969465255735,0.74
578841,21,1.6328036785125732,0.74
8574219,21,1.1040307283401491,0.74
19615774,21,1.2916041612625122,0.74
18104017,21,1.3054521083831787,0.74
18108607,21,1.6095157861709597,0.74
13811994,21,2.867163896560669,0.74
20867355,21,1.136852145195007,0.74
16385870,21,1.2526971101760864,0.74
16199413,21,1.3869534730911257,0.74
20796004,21,1.5224993228912354,0.74
15921053,21,1.2626742124557495,0.74
17131843,21,1.4065039157867432,0.74
17404785,21,1.605771541595459,0.74
16943854,21,1.1474971771240234,0.74
13852620,21,1.2018327713012695,0.74
9971164,21,1.234495759010315,0.74
9370937,21,1.2055752277374268,0.74
9364038,21,1.184711456298828,0.74
8545513,21,1.359352469444275,0.74
10687442,21,1.523467779159546,0.74
8864595,21,1.1915286779403689,0.74
8623367,21,1.1086598634719849,0.74
32366,21,1.1231199502944946,0.74
17086647,21,1.5502103567123413,0.74
15220552,21,1.747588276863098,0.74
20099625,21,1.1031053066253662,0.74
9652693,21,1.2438281774520874,0.74
9423954,21,1.4189125299453735,0.74
16994863,21,1.5532636642456057,0.74
9338467,21,1.235540509223938,0.74
17816033,21,1.3291263580322266,0.74
17204631,21,2.502556800842285,0.74
15934506,21,1.174353003501892,0.74
14961744,21,1.2778878211975098,0.74
18183769,21,1.1923128366470337,0.74
8465780,21,1.420429229736328,0.74
20755890,21,1.3133347034454346,0.74
9015913,21,1.4868923425674438,0.74
15151455,21,1.2606565952301023,0.74
18158078,21,1.2431870698928833,0.74
15625596,21,1.2450474500656128,0.74
10292801,21,1.2297834157943726,0.74
8878258,21,1.1086815595626829,0.74
8425117,21,1.240796446800232,0.74
9121172,21,1.3410475254058838,0.74
9920746,21,1.627779245376587,0.74
16221451,21,1.3243532180786133,0.74
9420821,21,1.2186992168426514,0.74
8417090,21,1.5108556747436523,0.74
9400186,21,1.3448190689086914,0.74
10077595,21,1.465572714805603,0.74
17871231,21,1.1099576950073242,0.74
9406026,21,1.4328062534332275,0.74
8222575,21,1.118388533592224,0.74
9694150,21,1.2975229024887085,0.74
246799,21,1.5374583005905151,0.74
8253667,21,1.1155835390090942,0.74
14188899,21,1.2953712940216064,0.74
9897265,21,1.579509735107422,0.74
1703009,21,1.55418598651886,0.74
16632264,21,1.3000177145004272,0.74
15576069,21,1.5555984973907468,0.74
210843,21,1.1469753980636597,0.74
15917117,21,1.6725603342056274,0.74
17997834,21,1.117774248123169,0.74
18343511,21,1.1743818521499634,0.74
17978268,21,1.179896116256714,0.74
16536186,21,1.1126192808151243,0.74
9948147,21,17.093982696533207,0.74
8889415,21,1.204331874847412,0.74
9849524,21,1.285757303237915,0.74
9153721,21,1.1168104410171509,0.74
17263372,21,1.11884868144989,0.74
17770183,21,1.1220335960388184,0.74
18342108,21,1.242895245552063,0.74
13861188,21,1.9173856973648071,0.74
9708148,21,1.3490887880325315,0.74
14295496,21,1.6763772964477541,0.74
10493261,21,1.1915010213851929,0.74
16146146,21,1.5770087242126465,0.74
17689286,21,1.4902702569961548,0.74
20629167,21,1.203589677810669,0.74
10862982,21,1.2576382160186768,0.74
21019891,21,1.3420885801315308,0.74
10352660,21,1.333759069442749,0.74
6004914,21,33.90185546875,0.74
17432570,21,1.6955736875534058,0.74
17076839,21,1.1175373792648315,0.74
15620685,21,1.3391023874282837,0.74
8880353,21,1.1397877931594849,0.74
16347099,21,1.3167678117752075,0.74
19943794,21,1.1972998380661009,0.74
8505437,21,1.1996994018554688,0.74
18414719,21,1.4515321254730225,0.74
9271073,21,1.1640009880065918,0.74
2637009,21,1.4436063766479492,0.74
9000211,21,1.2278783321380615,0.74
15101698,21,1.1767032146453855,0.74
9905520,21,27.61878776550293,0.74
8890851,21,1.2361305952072144,0.74
20225920,21,1.1787512302398682,0.74
12150242,21,1.3759981393814087,0.74
9702110,20,1.1789658069610596,0.87
16140910,20,1.669618010520935,0.87
18026172,20,4.037543296813965,0.87
9684479,20,1.202708125114441,0.87
9419559,20,1.2553092241287231,0.87
16521445,20,1.747851848602295,0.87
10396158,20,1.573514461517334,0.87
10051253,20,1.11238431930542,0.87
9764633,20,1.2256112098693848,0.87
17603612,20,1.1793951988220217,0.87
18412316,20,1.7176538705825806,0.87
18354747,20,1.2573562860488892,0.87
8715078,20,1.3867954015731812,0.87
9892422,20,1.1982026100158691,0.87
16952404,20,1.28305184841156,0.87
18382838,20,1.37322998046875,0.87
12159162,20,1.2355936765670776,0.87
14653069,20,5.2998385429382315,0.87
8671263,20,1.605010747909546,0.87
18091721,20,1.2486839294433594,0.87
9639906,20,1.199239730834961,0.87
8674518,20,1.273151397705078,0.87
8845658,20,1.2403579950332642,0.87
9129642,20,1.1192551851272583,0.87
9996951,20,1.3297969102859497,0.87
17503238,20,1.3433878421783447,0.87
18312497,20,1.246948003768921,0.87
10388774,20,1.1499669551849363,0.87
10839974,20,1.1283307075500488,0.87
17671104,20,7.140305519104004,0.87
18048736,20,1.2092193365097046,0.87
9618713,20,1.705067753791809,0.87
13670148,20,1.402362823486328,0.87
18094330,20,1036.216552734375,0.87
10162863,20,1.4388587474822998,0.87
9623844,20,1.7897286415100098,0.87
4560272,20,1.277491331100464,0.87
18155247,20,1.2890138626098633,0.87
8943297,20,1.3838073015213013,0.87
8911638,20,1.2028235197067259,0.87
12178297,20,1.693461775779724,0.87
12759145,20,1.1114712953567505,0.87
8381504,20,1.3492594957351685,0.87
17100830,20,1.1068220138549805,0.87
10488152,20,1.281382441520691,0.87
11478405,20,1.4578877687454224,0.87
17147637,20,24.464311599731445,0.87
9293658,20,1.1729236841201782,0.87
16578043,20,1.1661412715911863,0.87
9968042,20,1.105998992919922,0.87
9243465,20,1.695690035820007,0.87
15811947,20,6.8944902420043945,0.87
21242350,20,18.51797866821289,0.87
16214874,20,1.4479857683181765,0.87
10766285,20,1.725156307220459,0.87
10471573,20,1.2945566177368164,0.87
18073059,20,1.172146201133728,0.87
18395812,20,1.3524707555770874,0.87
16604515,20,1.4553897380828855,0.87
14007135,20,1.2414160966873171,0.87
9144376,20,1.1136016845703125,0.87
10412988,20,17.141639709472653,0.87
14687754,20,1.3940870761871338,0.87
15258677,20,1.4870604276657104,0.87
19419622,20,1.263706922531128,0.87
10017855,20,1.1002297401428225,0.87
18034408,20,1.7250032424926758,0.87
17317485,20,2.0382566452026367,0.87
9653950,20,1.2180942296981812,0.87
10744410,20,1.1292977333068848,0.87
17445073,20,1.4042825698852541,0.87
10392035,20,1.214461088180542,0.87
18644986,20,1.1223102807998655,0.87
10431233,20,1.1929504871368408,0.87
17647764,20,1.2850754261016846,0.87
18365400,20,1.2336537837982178,0.87
16852685,20,1.3318089246749878,0.87
15829793,20,1.4806661605834959,0.87
13749519,20,1.109779953956604,0.87
9383525,20,1.3132970333099363,0.87
16459278,20,1.1008508205413818,0.87
15841583,20,1.2818434238433838,0.87
8244581,20,1.1379125118255615,0.87
9868559,20,1.1934164762496948,0.87
17651635,20,1.2870160341262815,0.87
20782068,20,1.2485339641571045,0.87
17523254,20,1.1109923124313354,0.87
15507372,20,1.140273928642273,0.87
18007672,20,1.5490469932556152,0.87
12174564,20,1.3340568542480469,0.87
15518506,20,1.1136528253555298,0.87
10400500,20,1.160961389541626,0.87
7694028,20,1.5219812393188477,0.87
17805325,20,1.1572623252868652,0.87
11045622,20,1.1443768739700315,0.87
12720100,20,1.1646728515625,0.87
8061834,20,1.3654897212982178,0.87
8700632,20,1.1368234157562256,0.87
10414448,20,1.5339258909225464,0.87
18101296,20,1.127764105796814,0.87
10318134,20,8.891578674316406,0.87
17786783,20,1.1897684335708618,0.87
20670327,20,1.1380023956298828,0.87
11339147,20,1.143773078918457,0.87
17476483,20,1.1728224754333496,0.87
1383228,20,1.224541187286377,0.87
10961477,20,1.1338504552841189,0.87
18208178,20,1.188835382461548,0.87
18083055,20,1.1995296478271484,0.87
17454774,20,1.2589958906173706,0.87
17627268,20,1.110059142112732,0.87
16429681,20,1.159239411354065,0.87
14449267,20,1.272651433944702,0.87
10450101,20,1.6821146011352541,0.87
16612429,20,1.9228835105896,0.87
13637022,20,1.7983152866363523,0.87
16257030,20,1.2712063789367676,0.87
17635405,20,1.4823567867279053,0.87
10463417,19,1.1347135305404663,1.0
8464170,19,1.5162030458450315,1.0
10438463,19,1.6020860671997068,1.0
9900981,19,1.5090019702911377,1.0
9834051,19,1.266270637512207,1.0
21924775,19,1.2252711057662964,1.0
13833469,19,1.2191441059112549,1.0
17193503,19,1.2341623306274414,1.0
10868196,19,1.1500754356384275,1.0
18927202,19,1.1125953197479248,1.0
17344766,19,1.5174189805984497,1.0
14866782,19,1.1368570327758791,1.0
14427786,19,1.272817850112915,1.0
10545919,19,1.2783766984939575,1.0
20532194,19,1.1353064775466921,1.0
10005161,19,1.5599485635757446,1.0
18419292,19,1.1281651258468628,1.0
10612686,19,1.5646754503250122,1.0
8771480,19,1.1119654178619385,1.0
20278392,19,1.1805320978164673,1.0
234330,19,5.124452590942383,1.0
9998415,19,1.300455093383789,1.0
10223985,19,1.1395115852355957,1.0
7629050,19,1.102790355682373,1.0
15465662,19,10.09713649749756,1.0
8931579,19,1.600746512413025,1.0
18043220,19,1.9038748741149905,1.0
17485458,19,1.4298455715179443,1.0
15946708,19,1.1821926832199097,1.0
13265393,19,1.1244363784790041,1.0
10435970,19,1.518751859664917,1.0
8568949,19,1.2465276718139648,1.0
13727034,19,1.3084322214126587,1.0
8659421,19,1.1225372552871704,1.0
2618224,19,1.6668375730514526,1.0
17731118,19,1.3966622352600098,1.0
16608246,19,1.5405373573303225,1.0
18046918,19,1.2653703689575195,1.0
8752041,19,1.2457340955734253,1.0
9988502,19,1.4408112764358518,1.0
18018076,19,1.1809098720550537,1.0
8898960,19,1.3218027353286743,1.0
8553318,19,1.2616008520126345,1.0
9329031,19,1.5192784070968628,1.0
17795987,19,1.2387197017669678,1.0
2491994,19,1.1553202867507937,1.0
12642749,19,1.1130064725875854,1.0
8318302,19,1.6721798181533811,1.0
9902779,19,1.7636889219284058,1.0
14047307,19,1.5476135015487669,1.0
17723838,19,1.447979211807251,1.0
10806825,19,1.448849320411682,1.0
15451066,19,1.2873268127441406,1.0
20770175,19,3.987726211547852,1.0
10603734,19,1.1662464141845703,1.0
9630011,19,1.1041183471679688,1.0
10058549,19,1.2987122535705566,1.0
9860151,19,1.2174203395843506,1.0
10649315,19,1.4862815141677856,1.0
9289263,19,1.2027950286865234,1.0
12668053,19,1.1444616317749023,1.0
8572763,19,1.810157299041748,1.0
17458111,19,1.1775883436203003,1.0
15476545,19,1.587506651878357,1.0
16718086,19,1.4346323013305664,1.0
9604695,19,1.2495863437652588,1.0
9789621,19,1.2453650236129759,1.0
17917746,19,1.10856831073761,1.0
19845187,19,1.1411105394363403,1.0
16707699,19,1.7168058156967163,1.0
9858662,19,1.5182439088821411,1.0
9866839,19,1.9771456718444824,1.0
10192190,19,1.1568002700805664,1.0
15885742,19,1.3442732095718384,1.0
9098657,19,1.2161170244216921,1.0
10280513,19,1.3061429262161257,1.0
9953777,19,1.4910720586776731,1.0
14978115,19,1.126076340675354,1.0
10269192,19,1.2979720830917358,1.0
16041949,19,1.2363251447677612,1.0
10663958,19,1.2408567667007446,1.0
13806972,19,1.6338783502578735,1.0
9483123,19,1.2051994800567627,1.0
8729071,19,1.3266774415969849,1.0
10021712,19,1.6213804483413696,1.0
17951736,19,1.3740756511688232,1.0
10422405,19,1.2687350511550903,1.0
10201808,19,1.378247618675232,1.0
8918813,19,1.6754869222640991,1.0
9698916,19,1.3244225978851318,1.0
8523299,19,1.326129674911499,1.0
9199077,19,1.1075605154037476,1.0
9278205,19,1.386072278022766,1.0
9110372,19,1.2759917974472046,1.0
9743798,19,1.149210810661316,1.0
15700111,19,1.206674337387085,1.0
9179610,19,1.364497184753418,1.0
10267875,19,1.4315567016601562,1.0
8391630,19,1.7157418727874756,1.0
16454619,19,1.3373208045959473,1.0
9979896,19,1.4220774173736572,1.0
10187398,19,1.4047328233718872,1.0
1021935,19,1.562464475631714,1.0
1707823,19,1.6434396505355835,1.0
18078232,19,1.401683330535889,1.0
10629926,19,1.4467298984527588,1.0
17299380,19,1.4263426065444946,1.0
8903543,19,1.1129138469696045,1.0
21059562,19,1.2691854238510132,1.0
13720597,19,1.1515449285507202,1.0
17778320,19,1.9146081209182741,1.0
9508202,19,1.3258883953094482,1.0
12211753,19,1.5016417503356934,1.0
9281702,19,1.6267601251602173,1.0
10075159,19,1.3063064813613892,1.0
8585109,19,1.3588213920593262,1.0
17694922,19,1.8138577938079836,1.0
14115665,19,1.1149827241897583,1.0
13250440,19,1.732280135154724,1.0
17158415,19,1.2129974365234375,1.0
9654900,19,1.123022198677063,1.0
12180228,19,1.1119861602783203,1.0
9885454,19,1.2031922340393066,1.0
13732942,19,2.007675647735596,1.0
16986867,19,1.2781919240951538,1.0
14083680,19,1.1462771892547607,1.0
14066925,19,2.212799549102783,1.0
8603770,19,1.3658804893493652,1.0
244670,19,9.76169490814209,1.0
9711436,19,1.228290557861328,1.0
17891603,19,1.6009690761566162,1.0
8438073,19,1.249841570854187,1.0
8225948,19,1.1662329435348509,1.0
14632180,19,1.338237762451172,1.0
8231472,19,1.2654742002487185,1.0
16978214,19,1.4427415132522583,1.0
14761476,19,1.5598742961883545,1.0
18426434,19,1.404735803604126,1.0
10888018,19,1.116348147392273,1.0
10277847,19,1.7584269046783447,1.0
18004918,19,1.1319831609725952,1.0
17760223,19,1.1070948839187622,1.0
9345640,19,1.1103184223175049,1.0
17881979,19,1.2867263555526731,1.0
9724895,19,1.572410225868225,1.0
9801618,19,1.44670307636261,1.0
8721699,19,1.1465532779693604,1.0
17089652,19,1.320380687713623,1.0
13751238,19,1.1587555408477783,1.0
10250786,19,1.1312850713729858,1.0
13796726,19,1.714892864227295,1.0
17308557,19,1.2187011241912842,1.0
9355439,19,1.7843726873397827,1.0
9051080,19,1.1640119552612305,1.0
17757339,19,1.5124090909957886,1.0
15996482,19,1.1992250680923462,1.0
1039436,19,1.1698466539382937,1.0
12766336,19,1.1097562313079834,1.0
17868997,19,1.1144174337387085,1.0
15595158,19,1.1882097721099854,1.0
20025451,19,1.1049882173538208,1.0
18390234,19,1.3643710613250732,1.0
12639793,19,1.5711513757705688,1.0
7645673,19,1.1048156023025513,1.0
10176511,19,1.5421359539031982,1.0
10374091,19,1.112317442893982,1.0
9067174,19,1.3930630683898926,1.0
9235883,19,1.161029815673828,1.0
8292327,19,1.3860172033309937,1.0
10094365,19,1.4378451108932495,1.0
18306169,19,1.257493495941162,1.0
10329240,19,2.156602144241333,1.0
16907881,19,1.1115943193435671,1.0
13825636,19,1.1027847528457642,1.0
16517496,19,1.6180365085601809,1.0
9259594,19,3.10376524925232,1.0
19862361,19,1.2740861177444458,1.0
16530722,19,1.1315500736236572,1.0
13880986,19,1.127942681312561,1.0
8758647,19,1.1316840648651123,1.0
20398653,19,1.4332871437072754,1.0
10536219,19,1.6920933723449707,1.0
8423929,19,1.130050539970398,1.0
10724784,19,1.1974985599517822,1.0
16001261,19,1.33357834815979,1.0
15282185,19,1.1566797494888306,1.0
11469325,19,1.2537856101989746,1.0
17275741,19,1.3294477462768557,1.0
18475201,19,1.2881402969360352,1.0
10011808,19,1.521007061004639,1.0
9212872,19,1.52308452129364,1.0
8607285,19,1.2554450035095217,1.0
8406314,19,1.2180501222610474,1.0
16791966,19,1.140860080718994,1.0
9839172,19,1.1897237300872805,1.0
16680962,19,1.5048911571502686,1.0
14088298,19,1.229949712753296,1.0
20519791,19,1.3756271600723269,1.0
18849992,19,1.6471927165985107,1.0
153308,19,1.3779726028442385,1.0
11140836,19,1.4023963212966921,1.0
9830238,19,1.1079736948013306,1.0
9250333,19,1.3476632833480835,1.0
1784463,19,1.190595626831055,1.0
10476384,19,1.1752198934555054,1.0
8273411,19,1.557231068611145,1.0
14715401,19,1.2716515064239502,1.0
18381161,19,1.6388392448425293,1.0
14892359,19,1.1839500665664673,1.0
13965936,19,1.2201590538024902,1.0
9404307,19,1.230891466140747,1.0
1427447,19,1.1142033338546753,1.0
17113138,19,1.1618947982788086,1.0
10736949,19,1.1338835954666138,1.0
12673207,19,1.262728571891785,1.0
6643599,19,1.1135290861129759,1.0
19556663,19,1.273775577545166,1.0
8826312,19,1.1944279670715332,1.0
13892596,19,15.05306625366211,1.0
17150753,19,2.1032476425170903,1.0
9142107,19,1.1928967237472534,1.0
8749733,19,1.2565255165100098,1.0
16169302,19,1.1187121868133545,1.0
18197883,19,1.5822845697402954,1.0
8884849,19,1.8999325037002563,1.0
18478750,19,1.1213138103485107,1.0
10060829,19,1.520084023475647,1.0
13241492,19,1.120329737663269,1.0
12089855,19,1.4159512519836426,1.0
9164673,19,1.306709885597229,1.0
14329684,19,1.678769588470459,1.0
18719249,19,1.3081687688827517,1.0
17596949,19,1.404701590538025,1.0
9407314,19,1.1346371173858645,1.0
13672835,19,1.2025761604309082,1.0
13885345,19,1.163448929786682,1.0
8383464,19,1.581672191619873,1.0
15471805,19,1.390355944633484,1.0
13629343,19,1.6567482948303225,1.0
9103215,19,1.3707079887390137,1.0
12183209,19,1.1604703664779663,1.0
16753620,19,1.2083479166030884,1.0
17128461,19,1.111652374267578,1.0
8743717,19,1.201107621192932,1.0
16462660,19,1.2682029008865356,1.0
14800188,19,1.8993502855300903,1.0
16416251,19,1.3591978549957275,1.0
19634929,19,1.5022315979003906,1.0
14071649,19,1.4817649126052856,1.0
10184329,19,1.128646969795227,1.0
9936590,19,1.120120406150818,1.0
5963334,19,1.3151477575302124,1.0
8723902,19,1.142473578453064,1.0
629179,19,1.3617424964904783,1.0
18363467,19,1.6027125120162964,1.0
9314861,19,1.4996752738952637,1.0
10074039,19,1.4056843519210815,1.0
9332957,19,1.457406520843506,1.0
9661080,19,1.1756035089492798,1.0
13855393,19,4.236282825469972,1.0
18377511,18,1.355751633644104,1.26
13694516,18,1.3205455541610718,1.26
16494872,18,18.85833740234375,1.26
13787626,18,1.2163171768188477,1.26
8510330,18,1.1220321655273438,1.26
9737382,18,1.2825160026550293,1.26
8086782,18,1.2901164293289185,1.26
8549262,18,1.2880233526229858,1.26
9372228,18,1.3707188367843628,1.26
8886521,18,1.10383141040802,1.26
9049341,18,1.100780010223389,1.26
8355287,18,1.6013809442520142,1.26
10489107,18,1.101332187652588,1.26
13727899,18,1.626065731048584,1.26
17341514,18,1.1490092277526855,1.26
8151798,18,1.1717242002487185,1.26
10325490,18,1.1587835550308228,1.26
13176886,18,1.1626524925231934,1.26
13202230,18,1.1843947172164917,1.26
10878256,18,1.3087643384933472,1.26
8831030,18,1.2510405778884888,1.26
9083852,18,6.788958549499513,1.26
14805237,18,1.291877269744873,1.26
17668706,18,1.7311838865280151,1.26
2442014,18,1.1948214769363403,1.26
10145405,18,1.2581366300582886,1.26
14552942,18,1.2794822454452517,1.26
17180648,18,1.490109920501709,1.26
11509762,18,1.639978528022766,1.26
15250309,18,1.170597791671753,1.26
17229908,18,1.3661478757858276,1.26
20915734,18,1.4263347387313845,1.26
13702203,18,1.9590680599212649,1.26
132808,18,1.5116968154907229,1.26
15614724,18,1.119523525238037,1.26
9362530,18,1.273261547088623,1.26
17825366,18,1.4924662113189695,1.26
12154474,18,1.245952606201172,1.26
12156651,18,1.945576906204224,1.26
9070701,18,1.4502615928649902,1.26
10171253,18,1.2782251834869385,1.26
2566862,18,1.437483549118042,1.26
12787951,18,1.3322020769119265,1.26
9987252,18,1.2973486185073853,1.26
9264861,18,1.252636194229126,1.26
8640505,18,9.223708152770996,1.26
13854598,18,1.5472936630249023,1.26
8754567,18,1.232217788696289,1.26
18133716,18,1.221738576889038,1.26
9119231,18,1.104786038398743,1.26
16126633,18,1.4462652206420898,1.26
17255594,18,1.3715033531188965,1.26
17636732,18,1.15225350856781,1.26
10342135,18,1.7257879972457886,1.26
9955909,18,1.1159247159957886,1.26
10014008,18,1.1251227855682373,1.26
10219261,18,1.1245512962341309,1.26
9727663,18,1.9443924427032468,1.26
16275865,18,1.3149899244308472,1.26
13848161,18,1.2125517129898071,1.26
2424088,18,1.2823486328125,1.26
9966100,18,1.2536938190460205,1.26
8339149,18,1.1927666664123535,1.26
17700007,18,1.2858189344406128,1.26
13684843,18,1.55916166305542,1.26
13774872,18,1.1992549896240234,1.26
13209567,18,4.104574203491212,1.26
16649034,18,1.326774835586548,1.26
16899534,18,1.13598895072937,1.26
15189923,18,1.1743868589401243,1.26
10264691,18,1.13186514377594,1.26
15656317,18,1.2000411748886108,1.26
17500195,18,1.113675594329834,1.26
17966782,18,1.1710054874420166,1.26
9347298,18,1.1381216049194336,1.26
9275335,18,1.1920803785324097,1.26
9150430,18,1.1654235124588013,1.26
15673373,18,1.1793594360351562,1.26
9869935,18,1.1335033178329468,1.26
18012948,18,1.368138074874878,1.26
8716719,18,1.115748643875122,1.26
15233502,18,1.339327692985535,1.26
14774113,18,1.141636848449707,1.26
8536492,18,1.4871293306350708,1.26
10254837,18,1.1425354480743408,1.26
8279115,18,10.785933494567873,1.26
8322065,18,1.146224856376648,1.26
2389392,18,1.132166862487793,1.26
10657105,18,1.174275040626526,1.26
16262527,18,1.2126891613006592,1.26
16539730,18,1.1211646795272827,1.26
11009044,18,4.3441219329833975,1.26
10852759,18,1.1639654636383057,1.26
14648181,18,1.3109093904495241,1.26
9065058,18,1.4039307832717896,1.26
9037349,18,1.1110811233520508,1.26
14623008,18,1.3026833534240725,1.26
9994243,18,6.225581169128418,1.26
8797510,18,1.100143551826477,1.26
15605780,18,1.1468223333358765,1.26
9942163,18,1.1749557256698608,1.26
9187924,18,1.1402990818023682,1.26
13802320,18,1.349037766456604,1.26
13239980,18,1.3273931741714478,1.26
9337180,18,1.2542823553085327,1.26
18032140,18,17.855422973632812,1.26
10061897,18,1.1669374704360962,1.26
9169641,18,1.1750556230545044,1.26
9325839,18,1.277773380279541,1.26
13659797,18,1.6297621726989746,1.26
9696944,18,1.2782607078552246,1.26
17545416,18,2.224271059036255,1.26
17746162,18,3.835028648376465,1.26
9161415,18,1.5541620254516602,1.26
16442649,18,1.2500115633010864,1.26
18452163,18,1.217343807220459,1.26
9631594,18,1.135966420173645,1.26
8518412,18,1.614155411720276,1.26
10664749,18,1.604299545288086,1.26
10138698,18,1.3545863628387451,1.26
8409333,18,1.3796367645263672,1.26
13214972,18,1.418608546257019,1.26
8328197,18,1.7043617963790894,1.26
20823324,18,1.1780588626861572,1.26
9034191,18,1.2267851829528809,1.26
17213205,18,78.4801025390625,1.26
14837488,18,1.2068032026290894,1.26
8088440,18,1.4578839540481567,1.26
9609022,18,1.5133061408996582,1.26
8097696,18,1.174833059310913,1.26
9224715,18,1.3091316223144531,1.26
136321,17,1.7990279197692869,1.49
15298813,17,65.71624755859375,1.49
8361307,17,1.518332839012146,1.49
9410624,17,1.1990164518356323,1.49
9981020,17,1.1289730072021484,1.49
18403595,17,1.426506519317627,1.49
9131264,17,1.1240297555923462,1.49
8855096,17,1.291751265525818,1.49
17104296,17,1.1677558422088623,1.49
8950686,17,1.3702232837677002,1.49
13207799,17,1.156802773475647,1.49
7144267,17,1.3081355094909668,1.49
18153797,17,1.341023087501526,1.49
15988447,17,1.4175028800964355,1.49
8803865,17,1.2322766780853271,1.49
16865319,17,1.4834736585617063,1.49
18369501,17,1.1114436388015747,1.49
9402697,17,1.141580581665039,1.49
18320343,17,1.4865769147872925,1.49
17788553,17,1.1366217136383057,1.49
16561330,17,1.6880840063095093,1.49
9787366,17,1.180086970329285,1.49
15289520,17,1.1618324518203735,1.49
8373455,17,1.8053849935531616,1.49
13793733,17,1.6482579708099363,1.49
9176117,17,1.420696496963501,1.49
15651342,17,1.122981309890747,1.49
9798319,17,1.3915951251983645,1.49
2363903,17,1.2628915309906006,1.49
14974619,17,1.6920500993728638,1.49
8799477,17,1.255273699760437,1.49
8967473,17,1.1672781705856323,1.49
2885113,17,2.1032986640930176,1.49
9152137,17,1.1370725631713867,1.49
17331331,17,1.5433801412582395,1.49
9306538,17,1.388634443283081,1.49
18397263,17,1.5356143712997437,1.49
9825273,17,1.217188596725464,1.49
10953354,17,1.2719115018844604,1.49
17514526,17,1.3021008968353271,1.49
9662331,17,1.5780322551727295,1.49
8649268,17,1.2588748931884766,1.49
10297940,17,1.108076095581055,1.49
14349777,17,1.1444377899169922,1.49
8606402,17,1.399612307548523,1.49
12204541,17,1.239830493927002,1.49
9672291,17,1.128286361694336,1.49
17464777,17,1.3305562734603882,1.49
9048284,17,1.1001088619232178,1.49
17640299,17,1.4583972692489624,1.49
10150866,17,1.135922074317932,1.49
8667711,17,1.1091853380203247,1.49
20487146,17,44.39221572875977,1.49
10806033,17,1.3944566249847412,1.49
10326234,17,1.5529577732086182,1.49
13935854,17,1.1418619155883791,1.49
19250447,17,1.4720110893249512,1.49
9334219,17,1.6804940700531006,1.49
10183374,17,1.2001025676727295,1.49
17339024,17,1.2045952081680298,1.49
13741790,17,1.2028095722198486,1.49
17273915,17,1.5775598287582395,1.49
8817545,17,1.119750738143921,1.49
15141076,17,1.101953625679016,1.49
14105653,17,1.1314501762390137,1.49
16331601,17,1.6486783027648926,1.49
11539241,17,1.4190973043441772,1.49
10065617,17,2.112732172012329,1.49
12755176,17,3.27960205078125,1.49
18461282,17,1.4857749938964844,1.49
8619952,17,1.143770456314087,1.49
6630025,17,1.1862118244171145,1.49
18165555,17,1.1841307878494265,1.49
17682256,17,1.1106756925582886,1.49
12733126,17,1.7954232692718506,1.49
14390989,17,1.1189069747924805,1.49
12575319,17,1.226096749305725,1.49
12737014,17,1.145013689994812,1.49
18401511,17,27.82631683349609,1.49
8310690,17,1.118091344833374,1.49
10404441,17,1.5020238161087036,1.49
8910128,17,1.521188259124756,1.49
17813434,17,1.1899945735931396,1.49
17488818,17,1.2554455995559692,1.49
8854394,17,4.442789077758789,1.49
10289726,17,1.8960644006729128,1.49
10839220,17,5.475178718566895,1.49
9356871,17,1.1601616144180298,1.49
10151568,17,4.217574596405028,1.49
19975481,17,1.3373323678970337,1.49
10653918,17,1.4222460985183716,1.49
9940891,17,1.4897123575210571,1.49
17199679,17,1.4490121603012085,1.49
10274265,17,2.3033955097198486,1.49
8982465,17,1.3081094026565552,1.49
16116799,17,1.7139649391174316,1.49
8882042,17,1.627929925918579,1.49
8493457,17,1.1456701755523682,1.49
12142619,17,1.1660470962524414,1.49
10391042,17,1.4538717269897459,1.49
10078535,17,1.3766427040100098,1.49
14097766,17,1.498679757118225,1.49
2120453,17,1.105773687362671,1.49
9803024,17,1.2123162746429443,1.49
9880560,17,1.2047377824783323,1.49
13183666,17,1.1502751111984253,1.49
10655575,17,1.3845174312591553,1.49
11013274,17,1.1819895505905151,1.49
18371252,17,1.6055985689163208,1.49
18317745,17,1.1717859506607056,1.49
5990640,17,1.2540863752365112,1.49
9675844,17,1.332121968269348,1.49
16583346,17,1.6611586809158323,1.49
9550845,17,1.1095136404037476,1.49
10791967,17,1.1717582941055298,1.49
17906044,17,1.8661152124404907,1.49
9014148,17,1.4764188528060913,1.49
19215047,17,1.272160887718201,1.49
16072004,17,1.106223702430725,1.49
10763260,17,1.2053375244140625,1.49
15350630,17,1.2677520513534546,1.49
10112025,17,1.1337417364120483,1.49
11151015,17,1.2010537385940552,1.49
13660659,17,1.2358636856079102,1.49
17320704,17,1.2872774600982666,1.49
16975467,17,1.1006498336791992,1.49
9148964,17,1.3906569480895996,1.49
17054447,17,1.1290981769561768,1.49
16731731,17,1.5233297348022459,1.49
18271268,17,1.315131664276123,1.49
10029006,17,1.2693064212799072,1.49
15239965,17,1.160372257232666,1.49
9665096,17,1.2969032526016235,1.49
9677267,17,1.7841658592224119,1.49
9449132,17,1.647469997406006,1.49
14671124,16,1.2319964170455933,1.74
17592248,16,1.4872843027114868,1.74
2045966,16,2.615302562713623,1.74
9700340,16,1.1056766510009766,1.74
15056752,16,1.3057852983474731,1.74
8295057,16,1.1825957298278809,1.74
9001484,16,1.4229308366775513,1.74
9738645,16,1.1920396089553833,1.74
9231885,16,1.6633955240249634,1.74
9092693,16,1.4375960826873782,1.74
9937505,16,1.2525616884231567,1.74
12147392,16,1.1014902591705322,1.74
15511663,16,1.122936725616455,1.74
13156705,16,1.4328513145446775,1.74
9748722,16,1.5450246334075928,1.74
8741355,16,1.1619210243225098,1.74
9078221,16,1.1517219543457031,1.74
17793626,16,1.4734807014465332,1.74
15134528,16,1.1341332197189329,1.74
1008742,16,1.183613896369934,1.74
16085014,16,1.2066023349761963,1.74
18349470,16,1.2051856517791748,1.74
8827411,16,1.4610817432403564,1.74
9429065,16,1.3442769050598145,1.74
9766116,16,2.8135831356048584,1.74
20809088,16,1.6336812973022459,1.74
8897326,16,1.1702766418457031,1.74
2596041,16,1.5659419298171997,1.74
18188054,16,1.6116571426391602,1.74
10304058,16,1.1098941564559937,1.74
18379514,16,1.1375732421875,1.74
10084521,16,1.1465355157852173,1.74
8485274,16,1.136277437210083,1.74
10070091,16,1.6886898279190063,1.74
8787254,16,1.3044240474700928,1.74
9143370,16,1.3367854356765747,1.74
8984018,16,1.1903076171875,1.74
10036264,16,1.1641581058502195,1.74
8813148,16,1.242176532745361,1.74
16500249,16,1.127197027206421,1.74
8670584,16,1.1024867296218872,1.74
17438870,16,1.1327944993972778,1.74
21379521,16,1.1223965883255005,1.74
15630312,16,1.109563946723938,1.74
17666084,16,1.4719183444976809,1.74
8908281,16,2.7544312477111816,1.74
16684539,16,1.6918402910232544,1.74
18002122,16,1.2208484411239624,1.74
8883148,16,1.599895715713501,1.74
2603882,16,1.4329273700714111,1.74
9467751,16,1.3625953197479248,1.74
10131044,16,1.2217884063720703,1.74
15662112,16,2.8187382221221924,1.74
11176935,16,2.0162708759307857,1.74
8601462,16,1.4483910799026491,1.74
20456942,16,11.128303527832033,1.74
9927494,16,1.2163084745407104,1.74
14875627,16,1.1030430793762207,1.74
9290561,16,1.5976924896240234,1.74
9976061,16,1.1079634428024292,1.74
8991643,16,1.5775605440139768,1.74
10182121,16,1.1364229917526243,1.74
9904113,16,1.1441526412963867,1.74
13835363,16,1.56795072555542,1.74
12201834,16,1.275673270225525,1.74
7168276,16,3.2208423614501958,1.74
16413979,16,1.1614396572113037,1.74
8806615,16,1.1054155826568604,1.74
13274319,16,1.378754496574402,1.74
14357284,16,1.1914023160934448,1.74
10221112,16,1.2245315313339231,1.74
9493312,16,1.3133376836776731,1.74
13992881,16,1.218912124633789,1.74
17659955,16,1.362786889076233,1.74
17336996,16,1.5732283592224119,1.74
17810947,16,1.8425217866897583,1.74
17848504,16,1.2254053354263306,1.74
9650534,16,2.753054141998291,1.74
12706836,16,1.1711784601211548,1.74
13851368,16,1.6583147048950195,1.74
18288549,16,1.4314625263214111,1.74
8960069,16,1.5271207094192505,1.74
9308021,16,1.127900004386902,1.74
17277488,16,3.22964096069336,1.74
10350099,16,1.2018333673477173,1.74
20374369,16,3.849315404891968,1.74
8107562,16,1.109068512916565,1.74
8476286,16,1.495022177696228,1.74
16382117,16,1.3141889572143557,1.74
16723180,16,1.1923599243164062,1.74
2425266,16,1.1892369985580444,1.74
18149098,16,1.7860476970672607,1.74
15646173,16,1.1273218393325806,1.74
17189708,16,1.3192148208618164,1.74
16696730,16,2.468855619430542,1.74
16999529,16,80.63041687011719,1.74
11155489,16,1.1064887046813965,1.74
14308491,16,1.1744977235794067,1.74
16012582,16,1.2021090984344482,1.74
15871637,16,10.232540130615234,1.74
17109599,16,3.065244436264038,1.74
13296285,16,1.260500192642212,1.74
19151261,16,1.1587560176849363,1.74
6623023,16,1.1687945127487185,1.74
17572989,16,1.3155241012573242,1.74
17416021,16,1.121415376663208,1.74
11269143,16,1.6861567497253418,1.74
8520475,16,1.2907898426055908,1.74
13736680,16,1.1311988830566406,1.74
8345840,16,1.2514418363571167,1.74
16710870,16,1.164458394050598,1.74
10485458,16,1.2854537963867188,1.74
13735226,16,1.30472993850708,1.74
8926834,16,1.127643585205078,1.74
8503365,16,1.336037039756775,1.74
1732242,16,1.7162998914718628,1.74
16237005,16,1.1264575719833374,1.74
8473904,16,2.897404909133911,1.74
20683856,16,1.159003734588623,1.74
16036383,16,1.103968620300293,1.74
17969165,16,1.1068862676620483,1.74
12118035,16,1.1152399778366089,1.74
13289126,16,1.113734483718872,1.74
8824645,16,1.3614153861999512,1.74
13245189,16,1.3245142698287964,1.74
16939581,16,1.1074838638305664,1.74
18463559,16,1.1594544649124146,1.74
12729820,16,1.109369874000549,1.74
247997,16,1.1046769618988037,1.74
17679479,16,1.1004242897033691,1.74
17511061,16,1.1408541202545166,1.74
16857717,16,1.162124752998352,1.74
17691608,16,1.1300921440124512,1.74
10123230,15,1.1867387294769287,2.01
11444550,15,1.156532645225525,2.01
9872798,15,1.25668203830719,2.01
10955864,15,1.294605374336243,2.01
8808174,15,1.121004581451416,2.01
11506545,15,1.1500753164291382,2.01
10344938,15,1.5632690191268919,2.01
14957972,15,1.2184098958969116,2.01
18285454,15,1.1134480237960815,2.01
10776575,15,1.2615081071853638,2.01
10799982,15,1.119688630104065,2.01
8312525,15,1.4341912269592283,2.01
13244040,15,1.1398613452911377,2.01
8906927,15,1.1195011138916016,2.01
9805592,15,1.3103364706039429,2.01
15358400,15,1.14652681350708,2.01
9220512,15,1.1115102767944336,2.01
1355479,15,1.699817180633545,2.01
9809640,15,1.3950198888778689,2.01
8866808,15,1.204667568206787,2.01
9244411,15,1.1295872926712036,2.01
9382018,15,1.2413527965545654,2.01
9295168,15,1.1215311288833618,2.01
8369252,15,1.1103664636611938,2.01
10798559,15,1.5816059112548828,2.01
8372302,15,1.7172878980636597,2.01
9645592,15,1.40701425075531,2.01
9673326,15,1.246204495429993,2.01
8257780,15,1.1414237022399902,2.01
18190488,15,1.2771670818328855,2.01
10359575,15,1.146717190742493,2.01
14757929,15,1.933836340904236,2.01
11204618,15,1.143072485923767,2.01
10827303,15,1.402220606803894,2.01
16727953,15,1.4695022106170654,2.01
8085137,15,1.1802116632461548,2.01
13695353,15,1.2260444164276123,2.01
9068672,15,1.295148253440857,2.01
13215579,15,1.5231064558029177,2.01
16891180,15,1.3327637910842896,2.01
17958688,15,1.1908396482467651,2.01
10056398,15,1.2094383239746094,2.01
12114173,15,1.1717464923858645,2.01
12663356,15,1.110400915145874,2.01
17704711,15,1.1510928869247437,2.01
11295927,15,1.371300458908081,2.01
13277308,15,26.755645751953125,2.01
10627693,15,1.144230842590332,2.01
18065713,15,1.3603013753890991,2.01
13781757,15,1.3202861547470093,2.01
13220028,15,1.1029951572418213,2.01
9344084,15,1.628205418586731,2.01
8648067,15,1.3982886075973509,2.01
16233063,15,1.3609086275100708,2.01
8145429,15,1.22167706489563,2.01
8602546,15,1.2530198097229004,2.01
11618335,15,1.3520187139511108,2.01
10987642,15,1.1759922504425049,2.01
14085882,15,1.77568781375885,2.01
12782430,15,1.168963074684143,2.01
16657910,15,1.2504034042358398,2.01
15907325,15,1.1325154304504397,2.01
18458995,15,1.1034961938858032,2.01
17552186,15,1.126789093017578,2.01
18329098,15,1.5084352493286133,2.01
17097593,15,1.379784107208252,2.01
17830337,15,1.1230689287185671,2.01
17518213,15,1.1428401470184326,2.01
11079169,15,1.1375757455825806,2.01
10508996,15,1.2183966636657717,2.01
10044249,15,1.110370397567749,2.01
10455656,15,1.1781579256057741,2.01
20309019,15,43.41667938232422,2.01
16369838,15,1.1593023538589478,2.01
16845586,15,1.261687397956848,2.01
20163968,15,34.718765258789055,2.01
12742442,15,1.496337652206421,2.01
12165826,15,1.185394048690796,2.01
9949138,15,1.307719588279724,2.01
8856888,15,1.4071370363235474,2.01
9883163,15,1.3441842794418335,2.01
10508210,15,1.226623296737671,2.01
9622390,15,1.144187331199646,2.01
18131526,15,1.3362278938293457,2.01
9140632,15,1.1130505800247192,2.01
17710820,15,1.5937209129333496,2.01
10129998,15,1.4201998710632324,2.01
10198003,15,1.4236422777175903,2.01
18024023,15,2.0398898124694824,2.01
8696149,15,1.163465976715088,2.01
13844385,15,1.115772724151611,2.01
13696330,15,1.1103301048278809,2.01
9744960,15,1.3814247846603394,2.01
11275504,15,1.1333261728286743,2.01
8930052,15,1.1390109062194824,2.01
9985401,15,1.3210530281066897,2.01
9612642,15,1.4358508586883545,2.01
9430663,15,29.177343368530273,2.01
9432093,14,1.9816668033599851,2.24
17144123,14,1.6893436908721924,2.24
17802906,14,1.1047570705413818,2.24
10764227,14,1.1550099849700928,2.24
18301924,14,1.1927316188812256,2.24
18138347,14,1.1131235361099243,2.24
9248509,14,1.2370975017547607,2.24
8676992,14,1.20364248752594,2.24
11501685,14,1.112431287765503,2.24
9200768,14,1.3232156038284302,2.24
5958291,14,1.2821593284606934,2.24
18443371,14,1.1441903114318848,2.24
12704760,14,1.1628202199935913,2.24
15959817,14,1.204259991645813,2.24
9867435,14,1.1162198781967163,2.24
9715325,14,1.1951942443847656,2.24
10784740,14,1.1324002742767334,2.24
10779974,14,1.1394953727722168,2.24
17287246,14,1.4008177518844604,2.24
2047698,14,1.1034897565841677,2.24
10515381,14,1.117356777191162,2.24
16643441,14,1.2744433879852295,2.24
18299728,14,1.305860996246338,2.24
9123036,14,1.1914058923721311,2.24
18016379,14,1.1660493612289429,2.24
9126771,14,1.6368144750595093,2.24
13654433,14,1.228773832321167,2.24
16555698,14,1.115844964981079,2.24
8396742,14,1.3363510370254517,2.24
10452289,14,1.2854251861572266,2.24
13884102,14,1.251118540763855,2.24
9726406,14,1.3741475343704224,2.24
10191300,14,1.615480661392212,2.24
13160766,14,1.1539928913116455,2.24
2513875,14,1.1850556135177612,2.24
9848105,14,1.122294783592224,2.24
8331244,14,1.375086784362793,2.24
10403334,14,1.1048496961593628,2.24
4563637,14,1.141143798828125,2.24
13639820,14,1.135468602180481,2.24
2340103,14,1.354339361190796,2.24
2879921,14,1.1682947874069214,2.24
13681351,14,1.415607213973999,2.24
9088198,14,1.5508819818496704,2.24
13263388,14,1.396165370941162,2.24
13161539,14,1.2016966342926023,2.24
9017403,14,1.1062086820602417,2.24
8375960,14,1.1597243547439575,2.24
14195765,14,1.2017822265625,2.24
13730373,14,1.154755473136902,2.24
10931856,14,426.4049377441406,2.24
11530330,14,1.2528979778289795,2.24
8280927,14,1.4237613677978516,2.24
8780419,14,1.2110812664031982,2.24
17832606,14,1.107030749320984,2.24
8778322,14,1.447102189064026,2.24
9045696,14,1.1482350826263428,2.24
18185717,14,1.1636611223220823,2.24
10100571,14,4.313260555267334,2.24
16701963,14,1.1325798034667969,2.24
10153844,14,1.1631113290786743,2.24
10232228,14,1.1420623064041138,2.24
2769526,14,1.2094871997833252,2.24
9319534,14,1.2057303190231323,2.24
9485864,14,1.3469620943069458,2.24
18449839,14,1.1064637899398804,2.24
10880888,14,1.350771427154541,2.24
10942165,14,1.1134358644485474,2.24
10989283,14,1.1691333055496216,2.24
15859419,14,1.7739787101745603,2.24
8420653,14,1.1008768081665041,2.24
1699530,14,1.1479519605636597,2.24
13642713,14,1.1053521633148191,2.24
10773626,14,1.230859875679016,2.24
7615993,14,1.4634180068969729,2.24
13783516,14,1.2178587913513184,2.24
15641197,14,1.6014556884765625,2.24
9350977,14,1.1803911924362185,2.24
21109760,14,1.2356382608413696,2.24
13828902,14,1.1843911409378052,2.24
16770170,14,1.111208200454712,2.24
8956636,14,1.1121221780776978,2.24
9046860,14,1.2359009981155396,2.24
9917122,13,1.1015468835830688,2.48
16548502,13,1.1556482315063477,2.48
10245547,13,1.126079797744751,2.48
9409131,13,1.645672082901001,2.48
10090243,13,1.1993571519851685,2.48
19446998,13,1.4749122858047483,2.48
10363688,13,1.1605618000030518,2.48
9031123,13,1.1136882305145264,2.48
9759526,13,1.2184245586395264,2.48
8734901,13,1.3014287948608398,2.48
9742669,13,1.3339632749557495,2.48
42233,13,1.5140269994735718,2.48
9147202,13,1.1499732732772827,2.48
8611504,13,1.1942566633224487,2.48
16272994,13,1.193981647491455,2.48
8933477,13,1.4525842666625977,2.48
14910180,13,1.5632797479629517,2.48
9562859,13,1.9101616144180296,2.48
10478218,13,1.2406516075134275,2.48
10382478,13,1.4696401357650757,2.48
2318346,13,1.8140506744384768,2.48
10283591,13,1.1315906047821045,2.48
141998,13,1.159752368927002,2.48
18333175,13,1.2860910892486572,2.48
3458704,13,1.2814812660217283,2.48
9113323,13,1.1525866985321045,2.48
13190587,13,1.1688182353973389,2.48
16888475,13,1.2044302225112915,2.48
9794572,13,1.197500705718994,2.48
8838970,13,1.1289550065994265,2.48
9992055,13,1.2557311058044434,2.48
8362459,13,1.2931115627288818,2.48
10258828,13,1.255507230758667,2.48
9900115,13,1.110086441040039,2.48
9733375,13,1.213483452796936,2.48
11658788,13,1.2111786603927612,2.48
8638278,13,1.1671334505081177,2.48
13817836,13,1.1430305242538452,2.48
9625360,13,1.1650776863098145,2.48
10231285,13,1.3129163980484009,2.48
10095413,13,1.219135046005249,2.48
10135222,13,103.4132843017578,2.48
10957550,13,1.2227925062179563,2.48
9296340,13,1.210155367851257,2.48
10859653,13,1.1790283918380735,2.48
9101581,13,1.5728108882904053,2.48
8970962,13,1.7819031476974487,2.48
14883340,13,1.3125892877578735,2.48
17057996,13,1.271591067314148,2.48
10305994,13,1.1305835247039795,2.48
10865419,13,1.4231265783309937,2.48
10062855,13,1.5718988180160522,2.48
10148849,13,2.005554676055908,2.48
8646377,13,1.208551049232483,2.48
21573586,13,2.372776985168457,2.48
8709456,13,1.1769700050354004,2.48
10260901,13,1.210973024368286,2.48
12140983,13,1.1186349391937256,2.48
10348673,13,1.162696361541748,2.48
20009128,13,1.440024733543396,2.48
8633758,13,1.7939459085464478,2.48
9755127,13,1.3493832349777222,2.48
10279008,13,1.132629156112671,2.48
8143478,13,4.1239099502563485,2.48
8147615,13,1.5511767864227295,2.48
19104572,13,1.3342430591583252,2.48
9599138,13,1.4885293245315552,2.48
10262735,13,1.153900146484375,2.48
15274005,13,1.1914846897125244,2.48
8407168,13,1.261414885520935,2.48
16594174,13,1.2083204984664917,2.48
20640561,13,1.7061333656311035,2.48
9637443,13,1.4397437572479248,2.48
9316359,13,1.2454018592834473,2.48
9005185,13,1.303123116493225,2.48
12711009,13,1.165865421295166,2.48
9335718,13,1.1992499828338623,2.48
17697184,13,1.26559317111969,2.48
8456337,13,1.4629045724868774,2.48
13303312,13,1.4382411241531372,2.48
17007154,13,1.1172112226486206,2.48
17879405,13,1.4387412071228027,2.48
9835509,13,1.3947464227676392,2.48
8095972,13,1.1393611431121826,2.48
19291687,13,1.1610726118087769,2.48
18410128,13,1.1054836511611938,2.48
9255164,13,1.2305243015289309,2.48
18473418,13,1.1132134199142456,2.48
17352149,13,1.5306875705718994,2.48
10173306,13,1.1457531452178955,2.48
12131215,13,2.3390772342681885,2.48
10303118,13,2.324496269226074,2.48
8377959,13,1.6118327379226685,2.48
15802049,13,1.1123578548431396,2.48
10467985,13,1.101534366607666,2.48
9029372,13,1.1354371309280396,2.48
8650718,13,1.196042537689209,2.48
18038631,13,1.1520909070968628,2.48
9827335,13,1.1549139022827148,2.48
18169630,13,1.1266915798187256,2.48
12765203,13,1.4916927814483645,2.48
9422455,13,1.1635069847106934,2.48
10214810,13,1.1489319801330566,2.48
9491217,13,1.4103333950042725,2.48
13989413,13,1.7777777910232544,2.48
8988006,13,1.2065478563308716,2.48
10509867,13,1.146963119506836,2.48
12153708,13,1.7035696506500244,2.48
10809534,13,1.844630599021912,2.48
8340630,13,1.1122335195541382,2.48
13803504,13,1.1114853620529177,2.48
10468841,13,1.5147316455841064,2.48
18240264,13,1.706966757774353,2.48
13688473,13,1.1283167600631714,2.48
11025588,13,1.2874107360839844,2.48
18000127,13,1.1451021432876587,2.48
15046948,13,1.57535982131958,2.48
10965880,13,1.4338067770004272,2.48
8411082,13,1.4717601537704468,2.48
18058632,13,1.2061694860458374,2.48
17328254,13,1.1895880699157717,2.48
18283362,13,1.1448761224746704,2.48
9670966,13,1.4603677988052368,2.48
15866157,13,1.5397745370864868,2.48
10570405,13,1.4220985174179075,2.48
14151096,13,1.36119282245636,2.48
9132632,13,1.1391267776489258,2.48
9040799,13,1.1507866382598877,2.48
10771907,13,1.4405363798141482,2.48
9982142,13,1.1124956607818604,2.48
8334017,13,1.5639684200286863,2.48
14091998,13,1.1846953630447388,2.48
9310678,13,1.1456890106201172,2.48
9230667,13,1.338584303855896,2.48
16451641,13,2.12176775932312,2.48
9756070,13,1.1927801370620728,2.48
615890,13,1.2026556730270386,2.48
10099699,13,19.154571533203125,2.48
9693099,13,1.5231982469558716,2.48
10906515,13,1.1316452026367188,2.48
9418214,13,1.148038625717163,2.48
17707803,13,1.4902387857437134,2.48
20655128,13,1.2869104146957395,2.48
11492327,13,1.183163046836853,2.48
17020669,13,1.6100249290466309,2.48
16921468,13,1.269663691520691,2.48
2293313,13,1.1955082416534424,2.48
18118060,13,1.274809718132019,2.48
9967064,13,1.13506281375885,2.48
17981470,13,1.1494929790496826,2.48
17823746,13,1.3841999769210815,2.48
18010353,13,1.1116750240325928,2.48
10102800,13,1.1247527599334717,2.48
8570183,13,1.1810249090194702,2.48
8448035,13,1.3437553644180298,2.48
8579555,13,1.543567180633545,2.48
10738666,13,1.1378401517868042,2.48
12167958,13,1.3663688898086548,2.48
9339931,13,1.104581356048584,2.48
17051791,13,1.1804407835006714,2.48
9401631,13,1.3520407676696775,2.48
10322481,13,1.4555103778839111,2.48
8625363,13,1.10385000705719,2.48
16373727,13,1.1169801950454712,2.48
9664034,13,1.127187967300415,2.48
8853143,13,1.1399691104888916,2.48
8753689,13,1.5654703378677368,2.48
19402355,13,1.1031967401504517,2.48
9396017,13,1.1275671720504759,2.48
9668253,13,1.1579303741455078,2.48
8345213,13,1.4940645694732666,2.48
17791088,13,1.201319932937622,2.48
9285916,13,1.2247687578201294,2.48
18337519,13,1.134246587753296,2.48
9607626,13,1.1249347925186155,2.48
8554100,13,1.2123816013336182,2.48
13747961,13,1.3479211330413818,2.48
10372951,13,1.204403281211853,2.48
13938864,13,1.3622785806655884,2.48
10321686,13,1.805288791656494,2.48
9100586,13,1.2417176961898804,2.48
13667603,13,1.6565915346145632,2.48
970455,13,1.1999094486236572,2.48
18330735,13,1.1442269086837769,2.48
18163851,13,1.1071782112121582,2.48
608837,13,1.122507095336914,2.48
9884210,13,5.264890193939209,2.48
18215142,13,2.0128340721130367,2.48
9312149,13,1.588184833526611,2.48
9991034,13,1.3401436805725098,2.48
10503078,13,1.3121222257614136,2.48
16110817,13,1.1893649101257324,2.48
9260962,13,1.3059232234954834,2.48
9233392,13,3.5731189250946045,2.48
15457919,13,1.1503441333770752,2.48
13821357,13,1.2858704328536987,2.48
10126313,12,1.26190185546875,3.02
13792383,12,1.1024564504623413,3.02
9369572,12,1.3107951879501345,3.02
10016770,12,1.1067030429840088,3.02
9790973,12,1.2299028635025024,3.02
18120449,12,1.463370442390442,3.02
17293007,12,1.8116880655288696,3.02
8691365,12,1.262289047241211,3.02
9720428,12,1.1468769311904907,3.02
10441837,12,1.2161340713500977,3.02
14706695,12,1.3267898559570312,3.02
10978426,12,1.5103323459625244,3.02
10144558,12,1.512582540512085,3.02
10770392,12,1.1066774129867554,3.02
14384639,12,1.4594860076904297,3.02
14359554,12,11.438844680786133,3.02
8099173,12,1.108653903007507,3.02
10465290,12,1.5295429229736328,3.02
9815878,12,1.3989132642745972,3.02
15751378,12,1.1092432737350464,3.02
9054327,12,1.107776403427124,3.02
9384896,12,1.2747043371200562,3.02
10574372,12,1.6197252273559568,3.02
11318262,12,1.3853305578231812,3.02
8772511,12,1.197006344795227,3.02
10752581,12,1.1017383337020874,3.02
9957052,12,1.4721674919128418,3.02
9806842,12,1.1588579416275024,3.02
139399,12,1.4062398672103882,3.02
17379781,12,1.390323042869568,3.02
10538657,12,1.1016756296157837,3.02
16774780,12,1.11686110496521,3.02
10226251,12,1.1552163362503052,3.02
11223365,12,1.5958837270736694,3.02
1406431,12,1.120301604270935,3.02
965535,12,1.1155786514282229,3.02
11907563,12,1.202946424484253,3.02
10360859,12,1.1172587871551514,3.02
10255926,12,1.2427713871002195,3.02
18385552,12,1.2699458599090576,3.02
18421452,12,1.1206072568893433,3.02
12143702,12,1.1069622039794922,3.02
9091410,12,1.181039810180664,3.02
8317333,12,2.1808784008026123,3.02
10107361,12,2.685199499130249,3.02
9317854,12,2.513180732727051,3.02
9168150,12,1.1188879013061523,3.02
16878000,12,1.2342272996902466,3.02
10297070,12,1.3372737169265747,3.02
8479313,12,1.3120259046554563,3.02
10110161,12,1.1328322887420654,3.02
9779252,12,1.288022756576538,3.02
18322404,12,1.1106767654418943,3.02
172897,12,1.511293649673462,3.02
11393724,12,1.4841200113296509,3.02
11482233,12,1.3447998762130735,3.02
11546705,12,1.1388806104660034,3.02
13795732,12,1.6884565353393557,3.02
9299365,12,2.3341600894927983,3.02
2044165,12,1.1412440538406372,3.02
9112390,12,1.131408452987671,3.02
15854815,12,1.1146416664123535,3.02
11498256,12,1.1571524143218994,3.02
9889408,12,1.3824899196624756,3.02
7685216,12,1.1877783536911009,3.02
12764317,12,1.3130391836166382,3.02
19488332,12,1.1526198387145996,3.02
9924169,12,1.3928226232528689,3.02
11106874,12,1.4157205820083618,3.02
11276282,12,1.3065531253814695,3.02
10908161,12,1.5145885944366455,3.02
9002083,12,1.7474452257156372,3.02
18781589,12,1.3164875507354736,3.02
17851300,12,1.1227728128433228,3.02
8132670,12,1.1699016094207764,3.02
8135170,12,1.6100404262542725,3.02
8141417,12,72.4131851196289,3.02
16123378,12,1.8865636587142944,3.02
13295519,12,1.1738094091415403,3.02
2421202,12,1.9028302431106567,3.02
3397222,12,1.1304516792297363,3.02
15978820,12,1.1816701889038086,3.02
4527382,12,1.1357604265213013,3.02
18816264,12,1.371934175491333,3.02
10556650,12,1.1558758020401,3.02
12728080,12,7.289769649505615,3.02
13777290,12,1.2398381233215332,3.02
17360562,12,1.1319215297698977,3.02
1403092,12,1.125979781150818,3.02
8150446,12,1.116821527481079,3.02
8441417,12,1.2683509588241575,3.02
16376964,12,1.5521094799041748,3.02
15106378,12,1.3605326414108276,3.02
13731701,12,1.1672974824905396,3.02
10644456,12,1.352286696434021,3.02
8714156,12,1.1030869483947754,3.02
12116601,12,1.178350806236267,3.02
13197331,12,1.2872415781021118,3.02
16573398,12,2.530059576034546,3.02
15927499,12,12.663833618164062,3.02
1760770,12,1.2814559936523438,3.02
9714039,12,4.733223915100098,3.02
18223768,12,1.1781083345413208,3.02
17680682,12,1.1335989236831665,3.02
10535450,12,1.285054326057434,3.02
5994741,12,1.1052261590957642,3.02
1022649,12,1.1195995807647705,3.02
13773121,12,1.3152552843093872,3.02
17047718,12,1.120427131652832,3.02
8537898,12,1.1542659997940063,3.02
10347870,12,1.1005412340164185,3.02
17025267,12,1.4147734642028809,3.02
13287072,12,1.705492615699768,3.02
10608671,12,1.1177217960357666,3.02
13285279,12,1.1107995510101318,3.02
10311973,12,2.1636109352111816,3.02
16227461,12,1.102474570274353,3.02
8719657,12,1.212438464164734,3.02
10616938,12,1.6841992139816284,3.02
10093384,12,1.178530216217041,3.02
13954079,12,1.2120574712753296,3.02
9358477,12,2.4148733615875244,3.02
8308231,12,1.1244242191314695,3.02
9490637,12,1.4902726411819458,3.02
9796767,12,1.16679584980011,3.02
17448931,12,1.1205309629440308,3.02
12659356,12,1.1951618194580078,3.02
9027312,12,1.1471233367919922,3.02
10284426,12,1.31582772731781,3.02
9073344,12,1.1028196811676023,3.02
13878026,12,1.7057842016220093,3.02
17853026,12,1.1196593046188354,3.02
9205473,12,1.353208065032959,3.02
9753782,12,5.102839469909668,3.02
9752526,12,1.1708948612213137,3.02
18477102,12,1.1539103984832764,3.02
16895358,12,1.1187281608581543,3.02
8307240,12,1.1644446849822998,3.02
18428671,12,1.1541945934295654,3.02
10218264,12,1.1801245212554932,3.02
14132544,12,1.521667242050171,3.02
222926,12,1.166386365890503,3.02
2458049,12,1.510355830192566,3.02
16902853,12,1.2194989919662476,3.02
8303523,12,1.1153686046600342,3.02
16027781,12,1.200934886932373,3.02
13804427,12,1.129027009010315,3.02
10217122,12,1.1000192165374756,3.02
17074705,12,2.25830340385437,3.02
10026631,12,1.1304328441619873,3.02
17976051,12,1.374575972557068,3.02
18408010,12,2.0001177787780757,3.02
8730962,12,1.4590109586715698,3.02
18281742,12,1.1245222091674805,3.02
14100102,12,1.160209059715271,3.02
9986361,12,1.4906132221221924,3.02
18192270,12,1.100501298904419,3.02
9695680,12,1.1910157203674316,3.02
18437212,12,1.1024643182754517,3.02
9185697,12,1.2713230848312378,3.02
