GalaxyID,SnapNum,Stars_Mass,SF_Hydrogen,SF_Oxygen
6004930,12,10401933312.0,0.7297185063362122,0.00620640441775322
6044162,12,15744799744.0,0.7301531434059143,0.005086496472358704
8980202,12,12470513664.0,0.7157187461853027,0.008731408976018429
14910196,12,18936594432.0,0.727229118347168,0.006076314486563206
14916095,12,32679333888.0,0.7350618839263916,0.004154823254793882
14917670,12,72141201408.0,0.6977224349975586,0.010733337141573429
14920786,12,11842912256.0,0.7238798141479492,0.006883583031594753
14935256,12,72869453824.0,0.7016448378562927,0.010578039102256298
14942475,12,17064553472.0,0.7374099493026733,0.0034034638665616512
14949206,12,21217560576.0,0.716556191444397,0.008862415328621864
14978131,12,17581131776.0,0.7369476556777954,0.004144425969570875
14979602,12,13122396160.0,0.721695065498352,0.007705054711550474
14985429,12,23880611840.0,0.7312068939208984,0.004782817326486111
18125959,12,12061328384.0,0.7349005937576294,0.004388741217553616
18135713,12,12530265088.0,0.697300910949707,0.01042857300490141
20867371,12,18494517248.0,0.7358996868133545,0.004424797836691141
20877632,12,51360567296.0,0.7268619537353516,0.006166734732687473
20882060,12,16025612288.0,0.7415187358856201,0.0024910722859203815
20919974,12,16190523392.0,0.7292274832725525,0.005898748058825731
20921744,12,10748594176.0,0.7263134717941284,0.006238122005015612
20943548,12,56389017600.0,0.7385956645011902,0.0036374488845467567
20946276,12,13256573952.0,0.6862759590148926,0.014662688598036766
15358416,12,16387800064.0,0.7152268886566162,0.009158801287412643
15362857,12,13375863808.0,0.7301698923110962,0.005539067555218935
15371884,12,11471275008.0,0.735388457775116,0.004567233845591545
15410289,12,18798596096.0,0.7232581377029419,0.00699398061260581
15412434,12,11127583744.0,0.719730794429779,0.008116723969578743
15421792,12,14148535296.0,0.6985158920288086,0.012191876769065857
18481130,12,36888571904.0,0.7325229048728943,0.005083017982542515
18485614,12,13958948864.0,0.7336524128913879,0.004393492825329304
18487906,12,28031547392.0,0.6983785629272461,0.011142473667860031
21730551,12,10774769664.0,0.7402200102806091,0.0034043530467897654
21731199,12,11327214592.0,0.7243466377258301,0.007294513285160065
21735990,12,57172627456.0,0.7359702587127686,0.004036248661577702
21740639,12,12475494400.0,0.733688235282898,0.004693209659308195
21765733,12,75994603520.0,0.7032395005226135,0.010550608858466148
15946724,12,13034420224.0,0.7197814583778381,0.007101067807525396
15953521,12,16454577152.0,0.7223430871963501,0.007059544324874878
15967028,12,15072626688.0,0.7316587567329407,0.0051666367799043655
15978836,12,14058146816.0,0.7321086525917053,0.005352008156478405
16018193,12,26644082688.0,0.6933382153511047,0.01118438970297575
16036399,12,12547253248.0,0.7333120703697205,0.004871807526797056
19030865,12,17781753856.0,0.7417784333229065,0.002764489036053419
19054228,12,12916824064.0,0.7343227863311768,0.00452504912391305
19059466,12,18109534208.0,0.7344356179237366,0.004542975220829248
19076582,12,46171017216.0,0.740098237991333,0.0029408056288957596
19104588,12,63212388352.0,0.7396503686904907,0.00355147453956306
19107611,12,27690317824.0,0.6745267510414124,0.01604369841516018
19128195,12,16380998656.0,0.7287181615829468,0.005858511198312044
63905323,12,30707894272.0,0.7376684546470642,0.0038078867364674807
63927075,12,11201429504.0,0.7367222309112549,0.004521549679338932
3436899,12,24891947008.0,0.7335634231567383,0.004515433218330145
3437911,12,24182495232.0,0.6889078617095947,0.013959241099655628
3443197,12,25690753024.0,0.6831676363945007,0.013086585327982903
6053334,12,13398491136.0,0.7135419845581055,0.009367566555738449
6068079,12,31000066048.0,0.736846387386322,0.0039456430822610855
6076673,12,10315573248.0,0.7268599271774292,0.006081912200897932
16268687,12,23888437248.0,0.6910389065742493,0.012391708791255951
16287125,12,16686142464.0,0.7256564497947693,0.006529686041176319
16291715,12,12893675520.0,0.7282953858375549,0.006491351407021284
16300547,12,13672409088.0,0.7347487807273865,0.0043763029389083385
16317366,12,10564148224.0,0.728808581829071,0.005506268702447414
16326036,12,14348045312.0,0.7210289835929871,0.008109441958367825
16331617,12,12388098048.0,0.7284443378448486,0.005996727850288153
20217872,12,10147978240.0,0.7409807443618774,0.0024100583977997303
20225936,12,17047286784.0,0.7320935130119324,0.004906461574137211
20232591,12,11797042176.0,0.7336300611495972,0.004747405648231506
20242637,12,30251937792.0,0.7319106459617615,0.004939300008118153
20249986,12,10740897792.0,0.7245179414749146,0.006866701412945986
20283471,12,13099459584.0,0.7417389154434204,0.003091132966801524
20294930,12,13102409728.0,0.7374038696289062,0.0032020392827689648
20309035,12,24318318592.0,0.7383620738983154,0.003931171260774136
20314214,12,13781061632.0,0.7410855293273926,0.0031440849415957928
13176902,12,10368152576.0,0.7316612601280212,0.0056823366321623325
17317501,12,11445572608.0,0.7075663805007935,0.009601353667676449
17370989,12,12737976320.0,0.7297370433807373,0.005972449202090502
20755906,12,34407542784.0,0.7113634943962097,0.008468885906040668
20762818,12,10493798400.0,0.7267441749572754,0.006421026773750782
20773862,12,10248123392.0,0.7253169417381287,0.006664723623543978
20782084,12,24824598528.0,0.7349312901496887,0.004473634995520115
20788497,12,10637086720.0,0.7289302945137024,0.005913201719522476
20796020,12,18905716736.0,0.737547755241394,0.003636785550042987
20809104,12,38361403392.0,0.7337616086006165,0.0048543731682002544
20812470,12,15091490816.0,0.7236719131469727,0.007247851695865393
20823340,12,19157329920.0,0.7288658022880554,0.005805895198136568
20845364,12,12489081856.0,0.7327097654342651,0.005018176976591349
17,12,69962080256.0,0.7287696599960327,0.004899334628134966
12228,12,15763777536.0,0.7163570523262024,0.0075184921734035015
13647,12,51745533952.0,0.7357322573661804,0.0037927625235170126
17822,12,15752830976.0,0.7252811193466187,0.004877291154116392
26279,12,16295390208.0,0.7121522426605225,0.009825353510677814
27489,12,16921512960.0,0.7122095823287964,0.008946816436946392
34172,12,16807487488.0,0.7235919833183289,0.006684698164463043
68782,12,12497107968.0,0.6924682259559631,0.01111469604074955
7197635,12,10575509504.0,0.7234153151512146,0.005315462592989206
13674958,12,10436630528.0,0.7347761988639832,0.004430681932717562
13698399,12,13603189760.0,0.7106088995933533,0.009645550511777401
17189724,12,16790236160.0,0.7159523367881775,0.008127737790346146
17196204,12,17567434752.0,0.7222563624382019,0.0069350297562778
17199695,12,16798449664.0,0.714581310749054,0.008377266116440296
17217422,12,12908331008.0,0.7239980697631836,0.007158311549574137
17219959,12,15942867968.0,0.7338623404502869,0.0042885891161859035
17229924,12,12907628544.0,0.730479896068573,0.005309834145009518
17234223,12,15874841600.0,0.728943943977356,0.006213790271431208
17236870,12,10151016448.0,0.7306687235832214,0.005545444320887327
20967939,12,57165910016.0,0.741115927696228,0.0029961694963276386
20970611,12,24997466112.0,0.7382975220680237,0.003922043833881617
20979652,12,15271385088.0,0.7209731936454773,0.00691312225535512
21023868,12,13428860928.0,0.7238021492958069,0.006749575026333332
21027921,12,15526946816.0,0.735650360584259,0.003282510209828615
21036555,12,16365069312.0,0.739560604095459,0.003755199257284403
21059578,12,80247816192.0,0.7228325009346008,0.006630168296396732
21063955,12,36052729856.0,0.6668334603309631,0.017866050824522972
25995519,12,20194983936.0,0.740508496761322,0.003190654329955578
26010458,12,14389204992.0,0.7370719909667969,0.0036529293283820152
12145087,12,10714005504.0,0.7155760526657104,0.009106225334107876
12172333,12,10852028416.0,0.7288228869438171,0.005705107934772968
12206179,12,10353670144.0,0.724225640296936,0.006660465616732836
15127588,12,10888309760.0,0.7232617735862732,0.0068731908686459064
15134544,12,25657761792.0,0.7299754619598389,0.0055779702961444855
15136815,12,11167932416.0,0.7190948724746704,0.00808979757130146
15141092,12,35419873280.0,0.6968505382537842,0.012239408679306507
15151471,12,10090071040.0,0.723214328289032,0.007832905277609825
15189939,12,11011321856.0,0.7372418642044067,0.0038881907239556313
15214274,12,16922438656.0,0.7313328385353088,0.0050990101881325245
21932709,12,12836892672.0,0.7181903719902039,0.007520284503698349
21938831,12,10866496512.0,0.739726722240448,0.0034838353749364614
21986377,12,77389357056.0,0.6923308372497559,0.011783510446548462
22005749,12,47897681920.0,0.7248302698135376,0.006304133217781782
22009700,12,29796837376.0,0.7188127040863037,0.007426928728818893
22011961,12,11459696640.0,0.7159194946289062,0.008697619661688805
22022916,12,16073499648.0,0.7330478429794312,0.0047795893624424934
22026299,12,10016013312.0,0.7150846123695374,0.008504593744874
60880030,12,13040480256.0,0.7323460578918457,0.004350264556705952
6588858,12,14831628288.0,0.7223323583602905,0.006951950956135988
6600571,12,17676029952.0,0.7125585079193115,0.008818665519356728
9595985,12,21259982848.0,0.7243589162826538,0.007337645161896944
13204885,12,10866124800.0,0.7205910086631775,0.006669758819043636
13259043,12,11883474944.0,0.7246135473251343,0.006882297340780497
13266455,12,26371491840.0,0.7344676852226257,0.0038203385192900896
17109615,12,10329697280.0,0.7297158241271973,0.005369759164750576
17120141,12,11060009984.0,0.733610987663269,0.004455950111150742
20640577,12,30858053632.0,0.7329308986663818,0.004616413731127977
20642184,12,16594938880.0,0.7262807488441467,0.006185178644955158
20655144,12,61563285504.0,0.6967539191246033,0.011026252992451191
20670343,12,29097426944.0,0.734348475933075,0.004124643746763468
20683872,12,22585036800.0,0.7271308302879333,0.00649834331125021
20695135,12,10800318464.0,0.7304757237434387,0.0055783940479159355
20717376,12,13806867456.0,0.7252264618873596,0.006468635983765125
20727483,12,12356697088.0,0.7265200018882751,0.006626558490097523
20733657,12,11753154560.0,0.7387369275093079,0.0035086264833807945
20742154,12,21082544128.0,0.722162663936615,0.007259994279593229
2666766,12,12084554752.0,0.7335698008537292,0.004205562639981508
2721252,12,18625146880.0,0.7383155822753906,0.003776229452341795
17494085,12,14748198912.0,0.7277398705482483,0.006449150387197733
17542176,12,15897532416.0,0.7279663681983948,0.005996789317578077
17559563,12,34967965696.0,0.7221482396125793,0.00703405449166894
17574694,12,14090089472.0,0.7299883961677551,0.0051117404364049435
17578618,12,10869272576.0,0.731656551361084,0.00513617554679513
21169312,12,12638140416.0,0.718324601650238,0.00842638686299324
21170777,12,13533894656.0,0.7414669394493103,0.00314502464607358
21209079,12,16615067648.0,0.7282575368881226,0.005987522192299366
21242366,12,29042511872.0,0.7137443423271179,0.00904911756515503
21245106,12,21101979648.0,0.7403650283813477,0.003414508420974016
21259785,12,10161360896.0,0.7405031323432922,0.003595710964873433
21261482,12,11437485056.0,0.7296516299247742,0.005893482360988855
21268434,12,114681274368.0,0.7209129333496094,0.007061866112053394
21275631,12,19258740736.0,0.7251430749893188,0.006352929398417473
2631037,12,10559683584.0,0.7175790667533875,0.008290210738778114
2648897,12,10034183168.0,0.7231230735778809,0.0071265604346990585
14295512,12,24426432512.0,0.7285030484199524,0.005855883006006479
14302690,12,21203101696.0,0.7194129228591919,0.007801460102200508
14308507,12,27666096128.0,0.7017114758491516,0.01049363799393177
14325100,12,11972134912.0,0.7267911434173584,0.006374259013682604
14359570,12,47568904192.0,0.7156722545623779,0.007741335313767195
14373878,12,13331467264.0,0.7227070331573486,0.0076417578384280205
14379158,12,16387900416.0,0.7343614101409912,0.004297391511499882
17842859,12,24708143104.0,0.7017188668251038,0.010765930637717247
17866304,12,13820800000.0,0.7278589010238647,0.005543199833482504
17891619,12,18485100544.0,0.7366768717765808,0.0042276508174836636
21489299,12,25551845376.0,0.6929450631141663,0.012210272252559662
21506413,12,18746896384.0,0.7174494862556458,0.008371260948479176
21577533,12,13777579008.0,0.7419185042381287,0.002880701096728444
14202053,12,22442573824.0,0.7224975824356079,0.006512586493045092
14237130,12,14715092992.0,0.7262620329856873,0.005630770232528448
14243478,12,16423667712.0,0.7210559248924255,0.007458187639713287
17611291,12,12201193472.0,0.7348758578300476,0.004185343161225319
17621418,12,11385875456.0,0.7196103930473328,0.007937420159578323
17643593,12,14007131136.0,0.725250780582428,0.005470398813486099
21285010,12,59239464960.0,0.7418172955513,0.00293332408182323
21289469,12,19748134912.0,0.7379236817359924,0.004014778882265091
21355647,12,12105299968.0,0.7257662415504456,0.006628165487200022
21379537,12,59500060672.0,0.737562894821167,0.0038708685897290707
21382485,12,20733980672.0,0.7283855676651001,0.004644289612770081
21388616,12,31481034752.0,0.7375584840774536,0.0036727755796164274
21389890,12,10047963136.0,0.7139284014701843,0.009539235383272171
10578124,12,17842214912.0,0.726491391658783,0.005918660666793585
10586253,12,20405078016.0,0.7253499627113342,0.006666418630629778
10587131,12,12515304448.0,0.6957408785820007,0.012803326360881329
10591049,12,37321637888.0,0.7417020797729492,0.002991925925016403
10613632,12,11910992896.0,0.7356637120246887,0.004533985164016485
10637669,12,10067267584.0,0.7286593914031982,0.006291615776717663
10647702,12,14954855424.0,0.7380361557006836,0.0028568056877702475
12713757,12,19690334208.0,0.6945240497589111,0.01144152320921421
12760739,12,18382561280.0,0.7318114638328552,0.005126782692968845
15673389,12,11845724160.0,0.7291672825813293,0.005275912117213011
15674022,12,12310696960.0,0.7342265844345093,0.004943672101944685
15680056,12,15170718720.0,0.7102089524269104,0.00985808577388525
15683430,12,25287673856.0,0.7190261483192444,0.007774461526423693
15700127,12,15849388032.0,0.7177650928497314,0.008457453921437263
15710037,12,23392735232.0,0.7270711660385132,0.006321292370557785
15727826,12,39705751552.0,0.7045404314994812,0.009862223640084267
18608770,12,15957002240.0,0.7411507368087769,0.003093054983764887
18622144,12,28567154688.0,0.7204520106315613,0.006908330600708723
18624455,12,12491920384.0,0.7137306928634644,0.008302833884954453
18627582,12,17509404672.0,0.7354389429092407,0.003321191528812051
18645002,12,78854094848.0,0.7412137389183044,0.0030930666252970695
18651136,12,14560604160.0,0.7281805872917175,0.006405539810657501
18665159,12,15757163520.0,0.7330228686332703,0.004646874498575926
18680991,12,44583682048.0,0.7348264455795288,0.004373239818960428
21834539,12,55987519488.0,0.6960958242416382,0.009499374777078629
21836007,12,14731410432.0,0.7288628816604614,0.005790985655039549
21837919,12,34918936576.0,0.6914950013160706,0.012422986328601837
21840928,12,71023337472.0,0.7408450841903687,0.0032198599074035883
21859607,12,11784242176.0,0.7315962910652161,0.005358906462788582
21875745,12,31108139008.0,0.7215774059295654,0.007321531884372234
21878873,12,21291732992.0,0.7259339690208435,0.005209216848015785
21924791,12,39285329920.0,0.7183916568756104,0.00769234960898757
21928046,12,15399035904.0,0.729235827922821,0.005948258098214865
13972951,12,19029753856.0,0.7396136522293091,0.0034931907430291176
13989429,12,16104057856.0,0.7020120620727539,0.009820711798965931
13995983,12,14371168256.0,0.731937050819397,0.005310163367539644
14007151,12,22729467904.0,0.7284144163131714,0.00571681372821331
14032080,12,20740315136.0,0.7299173474311829,0.0056418306194245815
14047323,12,17465659392.0,0.7187650203704834,0.0075141568668186665
16774796,12,34791735296.0,0.7213160395622253,0.007653743494302034
16778527,12,12059848704.0,0.7363422513008118,0.003986132796853781
16791982,12,44977676288.0,0.7236264944076538,0.006864405237138271
16807953,12,51177447424.0,0.7202380299568176,0.007557916920632124
16824777,12,35191418880.0,0.7238726019859314,0.006869077682495117
16832160,12,22494445568.0,0.7357971668243408,0.0038796430453658104
16841721,12,11023518720.0,0.7327905297279358,0.004224484786391258
16852701,12,10604451840.0,0.728903591632843,0.0061172298155725
19488348,12,17029644288.0,0.7099212408065796,0.009961692616343498
19496245,12,10668079104.0,0.7422744035720825,0.0021763283293694258
19507576,12,23429599232.0,0.7257610559463501,0.0057082450948655605
19523883,12,10007885824.0,0.724361777305603,0.00691589992493391
19534464,12,43724939264.0,0.6964839696884155,0.011369801126420498
19536511,12,11041622016.0,0.7315252423286438,0.004980459343641996
19546017,12,21275742208.0,0.7319027781486511,0.004984935279935598
19556679,12,37904830464.0,0.7420112490653992,0.002436405047774315
14395671,12,10210256896.0,0.7349101901054382,0.004799750633537769
14407376,12,47510872064.0,0.7375728487968445,0.003508018096908927
14418336,12,11801724928.0,0.7141502499580383,0.008457973599433899
14449283,12,16282832896.0,0.7248359322547913,0.006172585301101208
14451021,12,11103899648.0,0.7154294848442078,0.007207230199128389
14459789,12,15406871552.0,0.7366669774055481,0.003976530861109495
14476604,12,10785900544.0,0.7335950136184692,0.004870306234806776
17906060,12,10030681088.0,0.7332847118377686,0.004278887528926134
17929841,12,16361217024.0,0.7132904529571533,0.008779708296060562
21623630,12,37636526080.0,0.7000715732574463,0.01182456873357296
21674938,12,10517854208.0,0.7143388986587524,0.008564005605876446
21677395,12,11894233088.0,0.7362464070320129,0.004316049162298441
9501258,12,18170396672.0,0.7161264419555664,0.008378297090530396
9521808,12,15843605504.0,0.7245450615882874,0.007080762181431055
9539953,12,11620335616.0,0.7218403220176697,0.006538998801261187
9575348,12,11405168640.0,0.7285680770874023,0.006112510338425636
9578520,12,60141326336.0,0.7388308644294739,0.003469319548457861
9581360,12,15338399744.0,0.7122622132301331,0.00953548401594162
9586526,12,15705404416.0,0.724147617816925,0.006690341513603926
13828918,12,10192905216.0,0.7285592555999756,0.005773136857897043
13836589,12,16520485888.0,0.7170527577400208,0.008645320311188698
16351412,12,21435136000.0,0.7218688726425171,0.00746106868609786
16356834,12,13016239104.0,0.7168883085250854,0.008216425776481628
16376980,12,19936643072.0,0.7311352491378784,0.005324283614754677
19244102,12,23139424256.0,0.6981914639472961,0.011992556042969227
19250463,12,21622323200.0,0.7166324853897095,0.008283217437565327
19259477,12,18342172672.0,0.7326971888542175,0.004596651066094637
19279495,12,17311674368.0,0.7317276000976562,0.005254111252725124
19280462,12,11017347072.0,0.7277318835258484,0.003110772930085659
19299066,12,41168224256.0,0.6881046891212463,0.013453288935124874
19301632,12,14468602880.0,0.7257129549980164,0.006797145586460829
19316816,12,12250301440.0,0.731730043888092,0.005011692643165588
19331325,12,19112218624.0,0.7342155575752258,0.004484435543417931
19332179,12,12765505536.0,0.7306268215179443,0.005066064652055502
19339236,12,20447649792.0,0.7357152700424194,0.0038727778010070324
19340991,12,11678886912.0,0.7254308462142944,0.006426728796213865
19354348,12,35308822528.0,0.6924964189529419,0.012650060467422009
8101611,12,28056942592.0,0.6710159778594971,0.01719692349433899
15861500,12,11315061760.0,0.7280997037887573,0.005505084991455078
15866173,12,16081676288.0,0.7267427444458008,0.0062097227200865746
15898392,12,29263181824.0,0.7325512170791626,0.004532018210738897
15927515,12,16756130816.0,0.725479245185852,0.006386747118085623
15934522,12,16204188672.0,0.7264841794967651,0.00603501545265317
18927218,12,43547127808.0,0.7361471652984619,0.004059418570250273
18961522,12,63662166016.0,0.7331058382987976,0.004582688678056002
18981624,12,14764783616.0,0.7293448448181152,0.0056409346871078014
19005998,12,11062838272.0,0.7132055163383484,0.008933219127357006
19022204,12,11559240704.0,0.7395206093788147,0.003243823070079088
124319,12,12859177984.0,0.7249816656112671,0.005724016111344099
125852,12,20589799424.0,0.7059829831123352,0.010074730962514877
129461,12,12797808640.0,0.714260995388031,0.009668330661952496
142901,12,12855911424.0,0.7048550248146057,0.01033977884799242
8216856,12,15243833344.0,0.7126653790473938,0.00946753565222025
8232694,12,10386349056.0,0.715480625629425,0.00865529291331768
8244597,12,17501829120.0,0.7365083694458008,0.004336408339440823
8259254,12,31257237504.0,0.7236151695251465,0.006839239504188299
11552992,12,16374145024.0,0.7105834484100342,0.009830954484641552
11573425,12,11021420544.0,0.727931797504425,0.006216281559318304
15018075,12,17347844096.0,0.741664469242096,0.002876762067899108
15038766,12,10754704384.0,0.728183925151825,0.005622766446322203
15046964,12,25181566976.0,0.7039298415184021,0.010168041102588177
15091790,12,32615862272.0,0.7154399156570435,0.008791706524789333
15101714,12,17511698432.0,0.7302749156951904,0.0036606602370738983
18515536,12,17312741376.0,0.7373271584510803,0.003887990489602089
18544444,12,93374480384.0,0.7149490714073181,0.007120098453015089
18563304,12,19299995648.0,0.7097428441047668,0.010055821388959885
18587086,12,38743977984.0,0.7214862108230591,0.007483582012355328
18601032,12,34746146816.0,0.7393625974655151,0.0037710622418671846
9125277,12,11188263936.0,0.723879337310791,0.006207735277712345
16150081,12,33781649408.0,0.6637184023857117,0.01763356663286686
16186418,12,18409355264.0,0.7014507055282593,0.009914801456034184
16195213,12,13063540736.0,0.727920413017273,0.005349572282284498
16204643,12,25522354176.0,0.7221759557723999,0.007755076512694359
16217712,12,21047056384.0,0.718775749206543,0.00700839888304472
19891793,12,16394755072.0,0.7189183235168457,0.008165406063199043
19895399,12,19675013120.0,0.7230876684188843,0.00719899358227849
19899645,12,12376169472.0,0.7360800504684448,0.004210710525512695
19908049,12,34367602688.0,0.7347766160964966,0.004222622141242027
19915826,12,12597431296.0,0.7222723364830017,0.007105648517608643
19927854,12,32805797888.0,0.7272677421569824,0.0065655834041535854
19929306,12,12368386048.0,0.6853561401367188,0.013464533723890781
19943810,12,21219563520.0,0.6885780692100525,0.013099552132189274
19955980,12,12589911040.0,0.736237108707428,0.004367523360997438
19975497,12,31901274112.0,0.7202795743942261,0.00698694447055459
19978162,12,14028057600.0,0.7332700490951538,0.004853121470659971
19999297,12,10029813760.0,0.733956515789032,0.004109713714569807
8130530,12,12361541632.0,0.7219225764274597,0.007118259556591511
8136026,12,21003327488.0,0.7348628044128418,0.0046244338154792786
8166033,12,75492524032.0,0.6989709138870239,0.01099755335599184
8187621,12,11606365184.0,0.7356388568878174,0.004046943504363298
8193541,12,17108197376.0,0.7406781315803528,0.002956314478069544
8212231,12,23262550016.0,0.7197275757789612,0.006384033709764481
14071665,12,25585885184.0,0.7227545976638794,0.007024895865470171
14096286,12,16750659584.0,0.6997994780540466,0.009698932059109211
14104056,12,11757589504.0,0.6977666020393372,0.012049219571053982
14143281,12,31542906880.0,0.741652250289917,0.002600821666419506
14151112,12,40113852416.0,0.7180770039558411,0.008104272186756134
14155665,12,26050457600.0,0.7341995239257812,0.003933161962777376
16916076,12,13400962048.0,0.729846179485321,0.0053927963599562645
16921484,12,10430200832.0,0.7271753549575806,0.006265565752983093
16925443,12,11912956928.0,0.7138972282409668,0.009497838094830513
16953368,12,12359126016.0,0.734928548336029,0.004299476742744446
19669894,12,40021053440.0,0.7417705655097961,0.0026911357417702675
19701425,12,47157063680.0,0.6978063583374023,0.01196977123618126
19717485,12,20341415936.0,0.7302707433700562,0.0057376050390303135
19737738,12,32329293824.0,0.7381758689880371,0.003640266600996256
19759182,12,43713454080.0,0.7124512195587158,0.008703500963747501
56099358,12,17229592576.0,0.7166792154312134,0.008290509693324566
56102801,12,16891110400.0,0.7301611304283142,0.0052360305562615395
1385484,12,10688924672.0,0.7045308947563171,0.010447771288454533
4461447,12,11535066112.0,0.7212446331977844,0.007857173681259155
4513794,12,42476204032.0,0.7352577447891235,0.004246929194778204
13892612,12,26789670912.0,0.74278324842453,0.0026929788291454315
13900066,12,38699991040.0,0.7200640439987183,0.0076705231331288815
13921576,12,73576079360.0,0.7010191679000854,0.010480144061148167
13929035,12,10481890304.0,0.735369086265564,0.004679511766880751
13945997,12,14516989952.0,0.7342994809150696,0.004242416005581617
13954095,12,35253850112.0,0.7006291151046753,0.01174142211675644
16673553,12,11094671360.0,0.7230080366134644,0.0075063034892082214
16701979,12,12671072256.0,0.7289960980415344,0.005935186520218849
16710886,12,10889474048.0,0.7330974340438843,0.005054173991084099
19595697,12,12403783680.0,0.7170386910438538,0.008017417043447495
19634945,12,19659122688.0,0.7300049066543579,0.005932325031608343
19648051,12,11130237952.0,0.7241016626358032,0.007154828403145075
19650784,12,19081697280.0,0.7189009785652161,0.008346928283572197
19661574,12,27926931456.0,0.7063139081001282,0.009815303608775139
14809922,12,23977623552.0,0.6846274137496948,0.013793260790407658
14829314,12,10244765696.0,0.7382904887199402,0.003940167371183634
14858006,12,10537887744.0,0.7266523838043213,0.005288269836455584
14866798,12,15576689664.0,0.730749249458313,0.004539141897112131
14883356,12,10723978240.0,0.7352811694145203,0.004511143546551466
14895234,12,10399488000.0,0.7359585165977478,0.0045347632840275764
18215158,12,17596512256.0,0.7217923998832703,0.006696511525660753
18223784,12,55476441088.0,0.7079025506973267,0.00941758044064045
18230299,12,33615230976.0,0.6713736653327942,0.016255639493465424
18232286,12,10328390656.0,0.7013702988624573,0.01062900759279728
18253984,12,20066457600.0,0.727161169052124,0.0063399807550013065
18292468,12,23495364608.0,0.7311834692955017,0.003340269671753049
18294896,12,11621551104.0,0.708249032497406,0.009795011021196842
21436447,12,31526324224.0,0.7265193462371826,0.006453712936490774
21440485,12,12877082624.0,0.7270016670227051,0.006049913354218006
21483444,12,48636370944.0,0.7278263568878174,0.005626203492283821
21484977,12,10663393280.0,0.7377047538757324,0.003698689630255103
15233518,12,10041435136.0,0.7198935747146606,0.007869664579629898
15242267,12,10946064384.0,0.7287153005599976,0.0057632653042674065
15265751,12,15992595456.0,0.7281341552734375,0.006421406287699938
15274021,12,51956912128.0,0.709924042224884,0.009331230074167252
15289536,12,49086218240.0,0.6213275790214539,0.024280257523059845
15295249,12,23236186112.0,0.6996418237686157,0.011478539556264877
19151277,12,14123304960.0,0.7110002636909485,0.009478448890149593
19153245,12,17298446336.0,0.7417571544647217,0.0029903799295425415
19159904,12,19614447616.0,0.7251789569854736,0.005668511148542166
19182777,12,18033768448.0,0.7264071106910706,0.00530736381188035
19187389,12,18413891584.0,0.737454891204834,0.0035592196509242058
19215063,12,38805655552.0,0.7243790030479431,0.00612590042874217
19216207,12,13309041664.0,0.7157198786735535,0.008660636842250824
19218122,12,12484754432.0,0.7018978595733643,0.004843551199883223
11419713,12,32021045248.0,0.6962540149688721,0.012012957595288754
11434177,12,18727196672.0,0.7188990712165833,0.0075544859282672405
11440980,12,11007039488.0,0.7347808480262756,0.004948649555444717
14487361,12,35933249536.0,0.7322128415107727,0.004757754039019346
14498378,12,12906485760.0,0.7310882210731506,0.005540019366890192
14515337,12,17177901056.0,0.7313405871391296,0.005196631886065006
14537093,12,11450845184.0,0.7383493185043335,0.0030655385926365852
14545440,12,12085869568.0,0.7260657548904419,0.0061681573279201984
14559643,12,26206126080.0,0.7162299752235413,0.007982573471963406
14570482,12,32162246656.0,0.7051854729652405,0.01075802743434906
14582120,12,20170719232.0,0.7012932300567627,0.010529187507927418
17385244,12,10785477632.0,0.6989169716835022,0.012089435011148453
17397699,12,12212018176.0,0.7278839945793152,0.006190591957420111
17422102,12,10577945600.0,0.7203371524810791,0.0076684593223035336
17428582,12,12183090176.0,0.724385142326355,0.0064328815788030624
17445089,12,11028720640.0,0.72825026512146,0.0062654828652739525
20110756,12,22790354944.0,0.7192032933235168,0.008470077998936176
20123958,12,15777319936.0,0.7346328496932983,0.004544022958725691
20163984,12,28510056448.0,0.7153540849685669,0.008368071168661118
20170182,12,29155244032.0,0.7345477938652039,0.004384840838611126
20173145,12,15393406976.0,0.7380712032318115,0.003965496085584164
20177117,12,13711336448.0,0.7229597568511963,0.006180573720484972
20201468,12,20194193408.0,0.7329457402229309,0.004793431144207716
9443139,12,24511653888.0,0.7151962518692017,0.008733726106584072
9466670,12,10046352384.0,0.7289392352104187,0.005352971609681845
12690779,12,29602533376.0,0.6994998455047607,0.010458109900355339
16568598,12,10961122304.0,0.7304831743240356,0.005530043970793486
16583362,12,19582572544.0,0.6880550980567932,0.013751744292676449
16619012,12,10618112000.0,0.7285518646240234,0.005594329908490181
20324232,12,47649050624.0,0.729732871055603,0.005567952990531921
20331850,12,19829600256.0,0.7344377636909485,0.004577914718538523
20339759,12,17475985408.0,0.742556631565094,0.0019188967999070883
20359761,12,18804875264.0,0.7367146015167236,0.0041623711585998535
20374385,12,11027900416.0,0.7271934151649475,0.006295160390436649
20398669,12,19069581312.0,0.7347449660301208,0.004607039038091898
20404118,12,27643265024.0,0.724685788154602,0.006305554416030645
20414044,12,12517100544.0,0.7319123148918152,0.005297437775880098
20416317,12,11226382336.0,0.7308177351951599,0.005698497872799635
5299585,12,12813506560.0,0.7288305759429932,0.006084132008254528
5307546,12,11913282560.0,0.7145318388938904,0.009125463664531708
5356592,12,10342148096.0,0.7182461619377136,0.005069660022854805
5367165,12,10000990208.0,0.7330475449562073,0.004685618914663792
5374900,12,14042646528.0,0.7227251529693604,0.007484947331249714
15561804,12,21226207232.0,0.7295478582382202,0.005455211270600557
15564680,12,10970969088.0,0.7278812527656555,0.005689478013664484
15605796,12,11363517440.0,0.721817672252655,0.006265839096158743
15614740,12,16756431872.0,0.7189095616340637,0.00854971632361412
19380948,12,18676252672.0,0.7317958474159241,0.004997307434678078
19402371,12,51680395264.0,0.7374963164329529,0.003916644956916571
19419638,12,29627965440.0,0.7400273084640503,0.003403124399483204
6639792,12,12110113792.0,0.7075672149658203,0.010788018815219402
6650969,12,16509867008.0,0.7298446893692017,0.004462738521397114
6656938,12,11462701056.0,0.7246133089065552,0.006475070957094431
6659462,12,19594135552.0,0.7262210249900818,0.0063850609585642815
6669519,12,11816116224.0,0.7357197999954224,0.0039230710826814175
16978230,12,11852315648.0,0.7266609072685242,0.006458936724811792
16986883,12,18713057280.0,0.7274767160415649,0.006314058788120747
17029990,12,10363171840.0,0.7229527235031128,0.007110992446541786
17047734,12,13238855680.0,0.724311351776123,0.006137014366686344
17060673,12,29476122624.0,0.6540879011154175,0.019629141315817833
20440720,12,24679469056.0,0.7074267864227295,0.009903786703944206
20456958,12,14653786112.0,0.7394775152206421,0.0034691302571445704
20459479,12,23039295488.0,0.714754045009613,0.00874329637736082
20487162,12,61610020864.0,0.7291688323020935,0.005012855399399996
20489425,12,12494573568.0,0.7184187769889832,0.007660583592951298
20504314,12,10597586944.0,0.7191972732543945,0.00814660545438528
20519807,12,15062104064.0,0.7319342494010925,0.005082211922854185
20522691,12,13181809664.0,0.7301468849182129,0.00499125337228179
20532210,12,24880060416.0,0.7210336327552795,0.007812442723661661
20533258,12,19548200960.0,0.7183771729469299,0.00790963601320982
3518880,12,14743373824.0,0.7277674674987793,0.006449821870774031
3533036,12,16349417472.0,0.6867516040802002,0.012182386592030525
3540478,12,22843070464.0,0.7346932291984558,0.004061553627252579
15445499,12,11496016896.0,0.7257809638977051,0.006256295368075371
15457935,12,21845745664.0,0.741065263748169,0.002834359649568796
15494473,12,11258819584.0,0.7303253412246704,0.005103709176182747
15497464,12,16686349312.0,0.7296670079231262,0.004854588769376278
18719265,12,17573638144.0,0.7070862054824829,0.010506095364689827
18720643,12,18034868224.0,0.7259595990180969,0.006305683869868517
18721425,12,14563361792.0,0.721629798412323,0.00647009676322341
18723735,12,15254502400.0,0.734416663646698,0.004701967351138592
18738011,12,11930961920.0,0.7302075028419495,0.005487367976456881
18740168,12,18770429952.0,0.7129732966423035,0.009172247722744942
18758786,12,22931685376.0,0.7235965728759766,0.00727066257968545
18766614,12,12480681984.0,0.7257396578788757,0.006382287945598364
18781605,12,83666534400.0,0.7340706586837769,0.004579131957143545
18790624,12,27292299264.0,0.7337303161621094,0.004284264054149389
18793160,12,12233332736.0,0.7112942934036255,0.009174748323857784
18816280,12,65822773248.0,0.7048518061637878,0.010306835174560547
22046728,12,23917295616.0,0.7259037494659424,0.006777309812605381
22049870,12,10225898496.0,0.7214159369468689,0.006967616733163595
22057109,12,28335519744.0,0.7332082390785217,0.005189863499253988
22092364,12,28184004608.0,0.7384786605834961,0.0033918488770723343
11510920,12,12448233472.0,0.7196468710899353,0.00734754791483283
11548140,12,10539528192.0,0.721136748790741,0.007538439240306616
14593769,12,47733899264.0,0.7284286618232727,0.005698192398995161
14613357,12,32214732800.0,0.6944869756698608,0.010765709914267063
14623024,12,24378640384.0,0.7193759083747864,0.008085540495812893
14625656,12,10172030976.0,0.73756343126297,0.00365966884419322
14632196,12,13681865728.0,0.7342569828033447,0.004755669739097357
14633741,12,13206114304.0,0.7318065762519836,0.004346495494246483
14636257,12,10098185216.0,0.7256423830986023,0.006296391598880291
14653085,12,19229609984.0,0.7370398044586182,0.003352971049025655
14681050,12,27319289856.0,0.7258618474006653,0.006095684599131346
17725379,12,11063020544.0,0.6986839771270752,0.01165830809623003
17733947,12,11031455744.0,0.7279964685440063,0.00558567326515913
17743563,12,10546413568.0,0.731523334980011,0.004860499408096075
20544946,12,29596899328.0,0.7154085040092468,0.008056629449129105
20557313,12,11427561472.0,0.7248284816741943,0.006155808921903372
20574277,12,24982061056.0,0.736332356929779,0.004107695072889328
20583688,12,17097042944.0,0.7371849417686462,0.0037744229193776846
20584447,12,13083387904.0,0.6776055097579956,0.015638375654816628
20595207,12,37502377984.0,0.7113476395606995,0.00830068439245224
20597741,12,13553349632.0,0.7301929593086243,0.005089174956083298
20613431,12,22529247232.0,0.7398930191993713,0.00289127673022449
20629183,12,13491965952.0,0.7182160019874573,0.007819416001439095
10672070,12,19886129152.0,0.7335196733474731,0.004696533549576998
10674288,12,16492562432.0,0.7454410195350647,0.0017471035243943334
10680869,12,28458090496.0,0.7383863925933838,0.003569110995158553
10685556,12,20638437376.0,0.7138821482658386,0.008566854521632195
10753356,12,16778755072.0,0.714481770992279,0.008372163400053978
15745738,12,11581028352.0,0.7244408130645752,0.006518207956105471
15751394,12,47462363136.0,0.7264267206192017,0.00604964978992939
15754065,12,14391962624.0,0.7225356698036194,0.007045620586723089
15770454,12,12818911232.0,0.7328677773475647,0.0046963258646428585
15782724,12,18144882688.0,0.7252435088157654,0.006514272186905146
15804181,12,17990787072.0,0.7270962595939636,0.006489503663033247
15814177,12,21103288320.0,0.7133080363273621,0.009418647736310959
18823495,12,11273835520.0,0.7128000855445862,0.009619220159947872
18850008,12,31725082624.0,0.7104992866516113,0.009065886028110981
18854849,12,11084716032.0,0.7344734072685242,0.004749455489218235
18873077,12,18265094144.0,0.7235097885131836,0.006569125689566135
18893269,12,44744290304.0,0.737333357334137,0.003942718729376793
18902429,12,28274573312.0,0.728488564491272,0.005326281767338514
18903519,12,23022428160.0,0.6948137879371643,0.007470077835023403
14706711,12,14631018496.0,0.7310630083084106,0.005405374336987734
14720601,12,11081008128.0,0.7364888787269592,0.004188975319266319
14737400,12,13370493952.0,0.7316606640815735,0.004593896679580212
14747639,12,15185370112.0,0.7359321117401123,0.0038596182130277157
14754070,12,18282217472.0,0.7013782262802124,0.011278701014816761
14774129,12,25365207040.0,0.7332454323768616,0.0047394591383636
14778140,12,30131367936.0,0.7391899228096008,0.003741342341527343
14784549,12,20803377152.0,0.7076799869537354,0.010206003673374653
18010369,12,11101872128.0,0.70489901304245,0.01096165832132101
18026188,12,11356741632.0,0.7295531034469604,0.005025689024478197
18083071,12,16456168448.0,0.7161733508110046,0.008402968756854534
18088628,12,15619963904.0,0.7131780385971069,0.008962530642747879
21073926,12,11304727552.0,0.7278328537940979,0.005794505588710308
21074688,12,17446520832.0,0.7246130108833313,0.007004652172327042
21109776,12,92265291776.0,0.7394543290138245,0.0035039763897657394
21117896,12,39318462464.0,0.7243219017982483,0.007296522613614798
21121971,12,35094269952.0,0.7395555377006531,0.0038131882902234793
21126377,12,11713075200.0,0.7105928659439087,0.009145170450210571
21131163,12,15390412800.0,0.719944953918457,0.007928251288831234
16052954,12,10651800576.0,0.7281773686408997,0.005823714658617973
16062310,12,16232496128.0,0.686273455619812,0.01415577344596386
16103219,12,13016966144.0,0.7334965467453003,0.004729211330413818
16110833,12,18951809024.0,0.7260798215866089,0.0067258854396641254
19804447,12,19701882880.0,0.711494505405426,0.009534887038171291
19814721,12,14102917120.0,0.7262125015258789,0.006397634278982878
19823485,12,11608135680.0,0.7437938451766968,0.0021361166145652533
19835457,12,12660750336.0,0.7236102223396301,0.007265110034495592
19845203,12,18400192512.0,0.7280107140541077,0.0063688624650239944
19862377,12,25547939840.0,0.6945850849151611,0.013115939684212208
19864944,12,13867125760.0,0.7180615663528442,0.00781823880970478
197379,12,10289271808.0,0.739572286605835,0.0034416308626532555
9378437,12,12045865984.0,0.7171412110328674,0.008187254890799522
16454635,12,18581784576.0,0.7249033451080322,0.00656545115634799
16477564,12,10173998080.0,0.7308721542358398,0.0045270067639648914
16482644,12,11868209152.0,0.7234999537467957,0.007065806072205305
16504454,12,29846243328.0,0.730354368686676,0.004740431904792786
16521461,12,12244908032.0,0.7194244265556335,0.00800683256238699
16525998,12,14735881216.0,0.733252763748169,0.004802130628377199
16543313,12,10325645312.0,0.724162757396698,0.006858530919998884
16550718,12,11387012096.0,0.7372944951057434,0.003013612935319543
16555714,12,13671472128.0,0.7298208475112915,0.005688858218491077
20009144,12,31525423104.0,0.7314006090164185,0.005037348717451096
20029078,12,24645595136.0,0.7141292095184326,0.008903532288968563
20043761,12,15313327104.0,0.736174464225769,0.003991313278675079
20048234,12,11667953664.0,0.7156156301498413,0.008992597460746765
20058983,12,25800423424.0,0.7305494546890259,0.00540789682418108
20064104,12,17926574080.0,0.7172964215278625,0.007818734273314476
20073076,12,12565859328.0,0.7402433753013611,0.0022193104960024357
20081800,12,27532077056.0,0.6895453333854675,0.012624409049749374
20089303,12,11662235648.0,0.7249350547790527,0.006754809524863958
20100855,12,52938014720.0,0.7372046709060669,0.0035487283021211624
24621224,12,10735952896.0,0.7225034236907959,0.007442703004926443
49619512,12,20837859328.0,0.7305810451507568,0.006062442436814308
