GalaxyID_test,Snap_Last_Major_Merger,L_Last_Major_Merger,Redshift
15705955,28,1.63838529586792,0.0
16281214,28,1.51040780544281,0.0
8963514,28,1.306153416633606,0.0
18367233,28,1.9949082136154173,0.0
10857865,28,1.315799117088318,0.0
17574678,28,1210.3001708984375,0.0
8594638,28,1.3345540761947632,0.0
14784533,28,1.9402037858963013,0.0
15501297,28,1.3144880533218384,0.0
17937667,28,1.3736990690231323,0.0
10803440,28,1.495100021362305,0.0
16185808,28,1.7737349271774292,0.0
14861045,28,1.313726544380188,0.0
18961506,28,1.2938764095306396,0.0
14318126,28,1.3947534561157229,0.0
19891777,28,1.279348373413086,0.0
17171463,28,2.0462605953216557,0.0
9227009,28,1.6833339929580688,0.0
9076698,28,1.4932620525360107,0.0
9893299,28,1.2744265794754028,0.0
13677386,28,1.2728350162506104,0.0
17001551,28,1.494839429855347,0.0
15597923,28,1.656513214111328,0.0
17136101,28,4.035904407501222,0.0
9617290,28,1.870628237724304,0.0
14175622,28,1.3875467777252195,0.0
15569344,28,1.2868379354476929,0.0
16229685,28,1.8021986484527588,0.0
18308116,28,1.4026399850845337,0.0
8900328,28,1.3112635612487793,0.0
13866051,28,1.2593246698379517,0.0
20742138,28,1.3386391401290894,0.0
16911816,28,1.2791224718093872,0.0
14418320,28,1.388003706932068,0.0
11402531,28,1.4809157848358154,0.0
9950340,28,1.2764883041381836,0.0
17461240,28,1.647254467010498,0.0
10950179,28,1.3773069381713867,0.0
18112848,28,1.3097143173217771,0.0
15528597,28,1.4349753856658936,0.0
16802829,28,1.537605881690979,0.0
8902165,28,1.453510880470276,0.0
17418547,28,1.373709201812744,0.0
16191774,28,1.7658283710479736,0.0
16588425,28,1.39931058883667,0.0
17974615,28,2.583995819091797,0.0
16161679,28,1.5517209768295288,0.0
14395655,28,1.2654889822006226,0.0
17094054,28,1.683521747589111,0.0
13914718,28,1.5716999769210815,0.0
17304600,28,1.836064696311951,0.0
16761384,28,1.2501437664031982,0.0
15909288,28,1.439476490020752,0.0
17765765,28,1.4385874271392822,0.0
9177950,28,1.4697515964508057,0.0
8230966,28,14.521581649780273,0.0
9162873,28,1.3947572708129885,0.0
16173789,28,1.5003973245620728,0.0
11535135,28,1.3199306726455688,0.0
18431033,28,1.4354779720306396,0.0
14459773,28,1.3495792150497437,0.0
8809751,28,1.3423377275466921,0.0
15362841,28,5.178670883178711,0.0
15410273,28,1.320075511932373,0.0
14809906,28,1.265531063079834,0.0
8469872,28,8.62300968170166,0.0
9691855,28,1.4115183353424072,0.0
18167601,28,1.4846435785293581,0.0
17283835,28,1.644115328788757,0.0
9081991,28,1.310557842254639,0.0
10098636,28,1.6437441110610962,0.0
16157603,28,1.3089845180511477,0.0
17366604,28,1.5227596759796145,0.0
18250541,28,1.7245672941207886,0.0
17407790,28,1.2783650159835815,0.0
8460063,28,1.2799520492553709,0.0
8692369,28,1.728102445602417,0.0
15430411,28,1.5777757167816162,0.0
17508359,28,1.6113487482070925,0.0
9368070,28,1.4483673572540283,0.0
8561074,28,1.447407841682434,0.0
15823417,28,1.3836208581924438,0.0
9928516,28,1.6117768287658691,0.0
16030139,28,1.5429565906524658,0.0
14120120,28,1.3537030220031738,0.0
9833053,28,1.4375380277633667,0.0
9638853,28,1.9052704572677608,0.0
16487718,28,1.2920669317245483,0.0
14766123,28,1.897417902946472,0.0
18873061,27,1.3071407079696655,0.1
17718284,27,1.4400891065597534,0.1
16005098,27,1.3264368772506714,0.1
17392884,27,1.310713291168213,0.1
10202982,27,1.5455801486968994,0.1
10323276,27,1.4622806310653689,0.1
13746724,27,1.272066354751587,0.1
2748527,27,1.6422927379608154,0.1
12187581,27,2.8775060176849365,0.1
14523328,27,1.3307205438613892,0.1
14747623,27,1.381477952003479,0.1
18194865,27,1.3668320178985596,0.1
10048611,27,1.7960731983184814,0.1
8905407,27,1.3792734146118164,0.1
17473041,27,34.97298812866211,0.1
14018345,27,1.3992087841033936,0.1
8324881,27,1.2964822053909302,0.1
14559627,27,1.823458671569824,0.1
9239917,27,1.3684245347976685,0.1
12676166,27,1.6166238784790041,0.1
16928821,27,3.1906583309173584,0.1
10230192,27,1.458493947982788,0.1
10088970,27,1.7053844928741455,0.1
8727293,27,1.4957271814346311,0.1
16394336,27,1.5929063558578491,0.1
17835494,27,1.6072046756744385,0.1
17654556,27,1.6005921363830566,0.1
11525815,27,1.349350094795227,0.1
6659446,27,1.362014651298523,0.1
8945136,27,1.6932264566421509,0.1
15654214,27,4.0800490379333505,0.1
9211156,27,71.9225845336914,0.1
13715537,27,1.6579453945159912,0.1
2780928,27,1.4058442115783691,0.1
17071982,27,1.3217724561691284,0.1
12767853,27,1.7745630741119385,0.1
10915109,27,1.6547967195510864,0.1
10046237,27,1.3675153255462646,0.1
1763816,27,1.7571581602096558,0.1
10270262,27,10.551368713378906,0.1
8525642,27,1.7214901447296145,0.1
8323310,27,1.6177377700805664,0.1
10105008,27,1.4682173728942869,0.1
10189420,27,1.6476755142211914,0.1
9716327,27,1.2922278642654421,0.1
8965614,27,1.702345609664917,0.1
9633337,27,1.2569797039031982,0.1
12132759,27,1.4817986488342283,0.1
18088612,27,1.2500324249267578,0.1
12785591,27,1.2748596668243408,0.1
8264928,27,1.2718864679336548,0.1
16956975,27,1.3719658851623535,0.1
9287830,27,24.9872989654541,0.1
16618996,27,22.91065216064453,0.1
8961772,27,1.4038095474243164,0.1
9943637,27,1.417553186416626,0.1
16204627,27,1.2575945854187012,0.1
8434936,26,1.8526711463928225,0.18
17068441,26,1.4023000001907349,0.18
16403898,26,1.4628009796142578,0.18
16398554,26,1.3836787939071655,0.18
16424324,26,1.316197395324707,0.18
16668992,26,1.401541233062744,0.18
11561158,26,3.339608192443848,0.18
14720585,26,35.59338760375977,0.18
15589743,26,1.2959579229354858,0.18
19507560,26,1.4605093002319336,0.18
8498872,26,1.402684450149536,0.18
15878251,26,1.4652376174926758,0.18
14728142,26,1.6779568195343018,0.18
8358440,26,1.3383378982543943,0.18
10242261,26,1.4433311223983765,0.18
20259284,26,3.8918068408966064,0.18
2490437,26,1.8750401735305784,0.18
17246197,26,1.3793669939041138,0.18
9709796,26,1.834301233291626,0.18
18399452,26,1.3582557439804075,0.18
9632385,26,1.6390641927719116,0.18
9214338,26,1.2894256114959717,0.18
9634679,26,1.5973516702651978,0.18
15522088,26,10.328975677490234,0.18
10557407,26,8.657888412475586,0.18
10296223,26,1.510960817337036,0.18
9786060,26,1.651949763298035,0.18
8703530,26,1.2509170770645142,0.18
8304408,26,1.5170626640319824,0.18
14841934,26,1.53762948513031,0.18
10001964,26,1.3845854997634888,0.18
8274106,26,1.6187189817428589,0.18
15172288,26,1.3436720371246338,0.18
8500518,26,1.50782573223114,0.18
15110221,26,1.5243582725524902,0.18
18352115,26,5.9002556800842285,0.18
13857960,26,1.250519633293152,0.18
15851557,26,1.937055230140686,0.18
15305908,26,1.2783958911895752,0.18
16433029,26,4.226835250854491,0.18
9602574,26,1.2652430534362793,0.18
8090112,26,1.2544816732406616,0.18
9006562,26,1.333141207695007,0.18
10500691,26,1.314869999885559,0.18
8557835,26,1.4014749526977541,0.18
17820509,26,1.4124373197555542,0.18
10152756,26,2.663494110107422,0.18
16677354,26,1.3966693878173828,0.18
15227040,26,1.3365515470504759,0.18
17467743,26,1.4213144779205322,0.18
16948257,26,1.2622920274734497,0.18
18758770,26,1.65907084941864,0.18
10408025,26,1.7409309148788452,0.18
16210120,26,1.2904527187347412,0.18
13151895,26,1.2688038349151611,0.18
10335383,26,1.6616744995117188,0.18
14216102,26,3.471827268600464,0.18
19915810,26,1.2722434997558594,0.18
13872509,26,1.2682218551635742,0.18
18544428,26,17.303197860717773,0.18
17483369,26,1.3802634477615356,0.18
9348795,26,1.2792035341262815,0.18
18151088,26,1.257069706916809,0.18
17752120,26,4.883453369140625,0.18
2289703,26,10.807278633117676,0.18
18454336,26,1.2624614238739014,0.18
8737296,26,1.433024525642395,0.18
20339743,26,1.7643371820449831,0.18
20429477,26,1.2537261247634888,0.18
18279145,26,1.3314915895462036,0.18
18416570,26,1.543853759765625,0.18
16664981,26,1.8326672315597532,0.18
16179867,25,1.2837063074111938,0.27
9380244,25,1.3391704559326172,0.27
14696151,25,1.3119746446609497,0.27
9647056,25,1.6248496770858765,0.27
15940995,25,2.7212154865264893,0.27
17386981,25,2.289016962051392,0.27
10559708,25,1.423543930053711,0.27
16253921,25,1.6982079744338991,0.27
17348507,25,1.4739323854446411,0.27
16249622,25,1.375413179397583,0.27
9463307,25,1.3124052286148071,0.27
15295233,25,4.03023099899292,0.27
9108582,25,1.5339131355285645,0.27
8077031,25,1.5065698623657229,0.27
18162104,25,28.488176345825195,0.27
15386754,25,1.2540168762207031,0.27
9174355,25,32.62733840942383,0.27
10204082,25,1.2658474445343018,0.27
17424918,25,1.3184754848480225,0.27
15904404,25,1.3556926250457764,0.27
15328473,25,1.3073818683624268,0.27
10377621,25,1.6297954320907593,0.27
10257626,25,1.724529266357422,0.27
16550702,25,1.5414857864379885,0.27
18423921,25,1.462330937385559,0.27
17889273,25,1.3887827396392822,0.27
15157617,25,1.3125203847885132,0.27
15554595,25,1.5850523710250854,0.27
16322845,25,3.593735933303833,0.27
15541999,25,1.4917449951171875,0.27
18435213,25,1.3380120992660522,0.27
14476588,25,1.3412890434265137,0.27
12701692,25,1.655464768409729,0.27
981980,25,1.4306393861770632,0.27
12690763,25,1.2922874689102173,0.27
12648879,25,1.256377100944519,0.27
18060725,25,1.3445461988449097,0.27
17497366,25,1.3249667882919312,0.27
9225417,25,1.449429988861084,0.27
9918196,25,1.71277117729187,0.27
16062294,25,1.3156287670135498,0.27
8483645,25,1.330843448638916,0.27
10244344,25,1.329286813735962,0.27
14059469,25,1.4684771299362185,0.27
13709939,25,1.2624539136886597,0.27
8290282,25,1.6633059978485107,0.27
17875911,25,1.3869187831878662,0.27
10238905,25,1.522387146949768,0.27
8819792,25,1.2635740041732788,0.27
18041099,25,1.3827506303787231,0.27
9201925,25,3.7361261844635014,0.27
20359745,25,1049.8790283203123,0.27
9052811,25,2.0096361637115483,0.27
8870453,25,1.5396839380264282,0.27
17505528,25,1.4086521863937378,0.27
18433096,25,1.462036371231079,0.27
9388125,25,1.401860237121582,0.27
8924821,25,1.3175907135009766,0.27
8388372,25,2.137380838394165,0.27
10316711,25,1.6969871520996094,0.27
12176835,25,1.265763521194458,0.27
16745326,25,1.301343560218811,0.27
10819137,25,1.487393498420715,0.27
9440185,25,1.57021164894104,0.27
16960167,25,1.457326054573059,0.27
8814842,25,1.368290901184082,0.27
8615266,25,1.357596755027771,0.27
14164096,25,1.264845371246338,0.27
9874753,25,4.042981624603272,0.27
15583094,24,1.5387399196624756,0.37
9425387,24,1.8114924430847168,0.37
20414028,24,1.3864877223968506,0.37
12767218,24,1.8209657669067385,0.37
10039759,24,1.2843832969665527,0.37
14618435,24,1.5456808805465698,0.37
16886030,24,1.2541971206665041,0.37
15990650,24,1.4560211896896362,0.37
15381417,24,1.966493010520935,0.37
13184670,24,1.4217705726623535,0.37
10740679,24,1.2677021026611328,0.37
16150065,24,1.3537585735321045,0.37
9055873,24,1.5575600862503052,0.37
15070187,24,1.6062498092651367,0.37
11568391,24,1.2648019790649414,0.37
8414200,24,2.621741533279419,0.37
8976541,24,1.2708542346954346,0.37
8770454,24,1.5435011386871338,0.37
6082966,24,1.568749189376831,0.37
10554760,24,3.5156338214874268,0.37
9762289,24,1.261809468269348,0.37
16689343,24,1.3048374652862549,0.37
14531471,24,1.3945165872573853,0.37
10357347,24,1.4002541303634644,0.37
17884044,24,1.70680034160614,0.37
8997130,24,1.6159563064575195,0.37
12190345,24,1.374673843383789,0.37
19879649,24,1.3343031406402588,0.37
8628413,24,1.3098838329315186,0.37
16491888,24,1.7668724060058594,0.37
8689645,24,1.4902435541152954,0.37
17990051,24,1.7420594692230225,0.37
17535726,24,1.336326241493225,0.37
12002343,24,1.3323121070861816,0.37
13698383,24,1.6517477035522459,0.37
9105123,24,1.353380799293518,0.37
16832144,24,15.720318794250488,0.37
16935095,24,1.371185302734375,0.37
16653664,24,1.4317337274551392,0.37
12137660,24,1.3684407472610474,0.37
10168969,24,1.2892904281616209,0.37
10117048,24,1.3058136701583862,0.37
10042583,24,1.4992947578430176,0.37
14851689,24,1.6539077758789062,0.37
10624027,24,1.802793264389038,0.37
14570466,24,1.5117443799972534,0.37
10127623,24,1.7604966163635254,0.37
9636079,24,1.5224882364273071,0.37
9810932,24,1.490099310874939,0.37
18056321,24,1.4836561679840088,0.37
9731856,24,30.902929306030273,0.37
20043745,24,8.213667869567871,0.37
13738373,24,1.6574047803878784,0.37
16750449,24,1.5251212120056152,0.37
15602667,24,1.2548919916152954,0.37
15667566,24,1.2842490673065186,0.37
15018059,24,55.94798278808594,0.37
10092168,24,3.519751787185669,0.37
14240975,24,1.5616748332977295,0.37
19380932,24,4383.9462890625,0.37
17618660,24,1.2767971754074097,0.37
17527003,24,1.4507908821105957,0.37
9512113,24,1.5454262495040894,0.37
8823157,24,1.412942886352539,0.37
18160042,24,1.6426879167556765,0.37
8862668,24,1.3924959897994995,0.37
17664410,24,1.7921652793884275,0.37
10775511,24,1.8489948511123655,0.37
17676396,24,1.511985182762146,0.37
8508010,24,1.3592841625213623,0.37
18022138,24,1.3102704286575315,0.37
19927838,24,1.2981359958648682,0.37
8632037,24,1.4353175163269043,0.37
9284259,24,1.4058908224105835,0.37
14607787,24,1.665364384651184,0.37
10668208,24,1.4017261266708374,0.37
12699139,24,1.2623388767242432,0.37
10854354,24,1.5154001712799072,0.37
16024914,24,1.6709322929382324,0.37
14093861,24,1.590128779411316,0.37
9008303,24,3.5005269050598145,0.37
17799611,24,3.4097740650177,0.37
18470776,24,1.5333285331726074,0.37
11515978,24,1.4198448657989502,0.37
15197399,24,1.5569586753845217,0.37
16268671,24,1.3941375017166138,0.37
17839827,24,1.330012321472168,0.37
16106437,24,1.4975634813308716,0.37
10049926,24,1.4009836912155151,0.37
9813651,24,1.954277753829956,0.37
16931056,24,1.8999567031860352,0.37
9397255,24,1.5692815780639648,0.37
8350685,24,1.6094191074371338,0.37
20574261,24,1.3639527559280396,0.37
17162000,24,1.3223466873168943,0.37
17737061,24,1.5523121356964111,0.37
18171868,24,1.4209102392196655,0.37
16409436,24,1.3108696937561035,0.37
16874412,24,1.2956167459487915,0.37
8080038,24,1.543231964111328,0.37
8850935,24,1.4266318082809448,0.37
15084442,24,1.2931594848632812,0.37
14822489,24,1.282581090927124,0.37
18447769,24,1.3126943111419678,0.37
18294880,24,1.604458570480347,0.37
20440704,24,1.2564053535461426,0.37
18143518,23,2.74297308921814,0.5
8980186,23,1.9661076068878172,0.5
15953505,23,1.4331471920013428,0.5
8849003,23,1.312193751335144,0.5
9792407,23,1.8078501224517824,0.5
10513356,23,1.442381739616394,0.5
9642758,23,1.2956300973892212,0.5
9095345,23,1.265527606010437,0.5
9063624,23,1.4226528406143188,0.5
8613787,23,1.2626566886901855,0.5
17082771,23,84.06829071044922,0.5
8708413,23,1.3787680864334106,0.5
14829298,23,1.2575637102127075,0.5
17164303,23,1.4232121706008911,0.5
10313009,23,1.2890642881393433,0.5
10141547,23,1.4002275466918943,0.5
17783096,23,5.286832809448242,0.5
9666767,23,6.68390417098999,0.5
8895812,23,1.4337998628616333,0.5
11464247,23,1.7663476467132568,0.5
16662839,23,1.3182250261306765,0.5
15393778,23,1.3551298379898071,0.5
9019264,23,1.3673028945922852,0.5
17763271,23,1.5759975910186768,0.5
8550655,23,1.257889986038208,0.5
20242621,23,1.3570553064346311,0.5
2112126,23,3.437668800354004,0.5
9767426,23,1.5427598953247068,0.5
8745474,23,2.591386318206787,0.5
8776659,23,1.4986270666122437,0.5
16841705,23,1.81363046169281,0.5
17491004,23,9.5924072265625,0.5
9821192,23,1.3349967002868652,0.5
9074809,23,1.8853180408477783,0.5
17818556,23,1.536296248435974,0.5
9302115,23,1.4485286474227903,0.5
18085861,23,9.284915924072266,0.5
9237862,23,2.749580383300781,0.5
8739448,23,14.945019721984865,0.5
8948514,23,1.8531304597854612,0.5
8475282,23,1.2692759037017822,0.5
9020523,23,1.6130328178405762,0.5
8364906,23,1.310770034790039,0.5
13886254,23,1.348541021347046,0.5
13678885,23,1.339410662651062,0.5
8530808,23,1.580885648727417,0.5
16965345,23,24.53018951416016,0.5
9012764,23,1.4331270456314087,0.5
9208681,23,1.5441805124282837,0.5
8517165,23,1.3313013315200806,0.5
8694639,23,1.61963152885437,0.5
18174421,23,21.787492752075195,0.5
17948663,23,22.21962547302246,0.5
17519777,23,1.4929277896881104,0.5
17630010,23,1.4223681688308716,0.5
18037031,23,1.4662978649139404,0.5
8562465,23,1.2612131834030151,0.5
14642196,23,1.2944484949111938,0.5
15490692,23,1.4401488304138184,0.5
17469550,23,1.4599390029907229,0.5
10125258,23,1.2965459823608398,0.5
17548740,23,1.6137685775756836,0.5
16420094,23,1.6290085315704346,0.5
15437985,23,1.3240960836410522,0.5
9386511,23,1.35652494430542,0.5
14967952,23,54.044471740722656,0.5
1718560,23,1.3985748291015625,0.5
8785846,23,1.9850503206253047,0.5
8302235,23,5.344038009643555,0.5
15809550,23,1.3046869039535522,0.5
12109007,23,1.317704677581787,0.5
17357222,23,1.904309153556824,0.5
16504438,23,1.3740477561950684,0.5
10282280,23,1.4558203220367432,0.5
19701409,23,22.185941696166992,0.5
8349163,23,1.2702633142471311,0.5
15710021,23,4.808929920196533,0.5
18276409,23,1.2798149585723877,0.5
16925427,23,20.64316940307617,0.5
197363,23,1.3513587713241575,0.5
10670173,23,1.416634440422058,0.5
8109570,23,1.285552144050598,0.5
8563942,23,1.5569628477096558,0.5
10639641,23,5.306300163269043,0.5
1375833,22,1.29442036151886,0.62
10239637,22,1.383353590965271,0.62
14436222,22,1.2608884572982788,0.62
14227199,22,1.2673760652542114,0.62
8844016,22,1.2656066417694092,0.62
10353850,22,1.3155381679534912,0.62
14498362,22,1.6372323036193848,0.62
16300531,22,1.3876787424087524,0.62
10030066,22,1.5300329923629759,0.62
13995967,22,3.671467304229736,0.62
9600761,22,1.2863072156906128,0.62
15804165,22,1.6984328031539917,0.62
10447829,22,1.4457199573516846,0.62
9777730,22,1.637031078338623,0.62
9256845,22,1.3158211708068848,0.62
17932703,22,1.25163996219635,0.62
13839081,22,1.2572240829467771,0.62
15494457,22,92.0063934326172,0.62
9886641,22,1.2596479654312134,0.62
8482145,22,1.2697515487670898,0.62
16882280,22,1.5669717788696291,0.62
20058967,22,1.440686583518982,0.62
15038750,22,6.012147903442383,0.62
2533442,22,1.5157054662704468,0.62
17017274,22,1.418156981468201,0.62
10517554,22,1.304443359375,0.62
9978451,22,1.3053770065307615,0.62
17154751,22,1.5273070335388184,0.62
9414770,22,1.7445602416992188,0.62
16991086,22,1.5421067476272583,0.62
13212925,22,1.2776331901550293,0.62
13266439,22,1.846487283706665,0.62
17862869,22,1.319491982460022,0.62
17451596,22,1.4348773956298828,0.62
17611275,22,1.343083739280701,0.62
19835441,22,1.3849095106124878,0.62
10047593,22,1.2900971174240112,0.62
8953148,22,1.2546318769454956,0.62
1704971,22,1.391106128692627,0.62
11453997,22,1.596200704574585,0.62
19595681,22,1.425165772438049,0.62
15635732,22,1.4676698446273804,0.62
9912257,22,13.95565700531006,0.62
20294914,22,1.3820106983184814,0.62
9615538,22,1.294264316558838,0.62
15984133,22,1.5744590759277344,0.62
2292112,22,9.323002815246582,0.62
17271201,22,1.443169355392456,0.62
15125932,22,1.342914581298828,0.62
14674760,22,1.254178524017334,0.62
13662382,22,1.8092855215072632,0.62
10324277,22,4.611032485961914,0.62
8586726,22,1.402490496635437,0.62
17267398,22,215.7072906494141,0.62
19814705,22,1.3466153144836426,0.62
15445483,22,1.305850625038147,0.62
8935446,22,1.2626055479049685,0.62
9644308,22,1.318499207496643,0.62
14032064,22,1.3831368684768677,0.62
12683165,22,246.5458831787109,0.62
15343517,22,1.3298039436340332,0.62
9203269,22,1.3472632169723509,0.62
8801709,22,48.66318893432617,0.62
8717752,22,1.5684605836868286,0.62
9905520,21,27.61878776550293,0.74
14188899,21,1.2953712940216064,0.74
15846479,21,7.874153614044189,0.74
14338940,21,1.5427533388137815,0.74
15151455,21,1.2606565952301023,0.74
2637009,21,1.4436063766479492,0.74
16789311,21,1.332939863204956,0.74
16994863,21,1.5532636642456057,0.74
9400186,21,1.3448190689086914,0.74
15620685,21,1.3391023874282837,0.74
16221451,21,1.3243532180786133,0.74
15418091,21,1.4340415000915527,0.74
10526686,21,1.4419400691986084,0.74
9694150,21,1.2975229024887085,0.74
17816033,21,1.3291263580322266,0.74
18414719,21,1.4515321254730225,0.74
20504298,21,1.3346163034439087,0.74
10122176,21,1.2525310516357422,0.74
17432570,21,1.6955736875534058,0.74
18104017,21,1.3054521083831787,0.74
16699987,21,1.6676504611968994,0.74
10199061,21,1.2920936346054075,0.74
17176508,21,1.331144094467163,0.74
10862982,21,1.2576382160186768,0.74
17204631,21,2.502556800842285,0.74
9121172,21,1.3410475254058838,0.74
10077595,21,1.465572714805603,0.74
15548147,21,1.4324134588241575,0.74
9948147,21,17.093982696533207,0.74
19462908,21,4.533363342285156,0.74
14295496,21,1.6763772964477541,0.74
13811994,21,2.867163896560669,0.74
9708148,21,1.3490887880325315,0.74
20796004,21,1.5224993228912354,0.74
9849524,21,1.285757303237915,0.74
15576069,21,1.5555984973907468,0.74
15921053,21,1.2626742124557495,0.74
19615774,21,1.2916041612625122,0.74
578841,21,1.6328036785125732,0.74
1703009,21,1.55418598651886,0.74
19182761,21,1.2876737117767334,0.74
18108607,21,1.6095157861709597,0.74
10687442,21,1.523467779159546,0.74
9920746,21,1.627779245376587,0.74
9015913,21,1.4868923425674438,0.74
19800923,21,1.3616985082626345,0.74
9897265,21,1.579509735107422,0.74
14961744,21,1.2778878211975098,0.74
10247407,21,1.4304605722427368,0.74
17404785,21,1.605771541595459,0.74
8353604,21,1.3235094547271729,0.74
8545513,21,1.359352469444275,0.74
16347099,21,1.3167678117752075,0.74
8465780,21,1.420429229736328,0.74
12150242,21,1.3759981393814087,0.74
9273893,21,1.3069621324539185,0.74
9406026,21,1.4328062534332275,0.74
17185904,21,1.839468479156494,0.74
8417090,21,1.5108556747436523,0.74
7613425,21,1.253084659576416,0.74
15220552,21,1.747588276863098,0.74
9773936,21,2.2488844394683842,0.74
17689286,21,1.4902702569961548,0.74
15917117,21,1.6725603342056274,0.74
10352660,21,1.333759069442749,0.74
21019891,21,1.3420885801315308,0.74
13861188,21,1.9173856973648071,0.74
16385870,21,1.2526971101760864,0.74
16559174,21,1.344148874282837,0.74
20755890,21,1.3133347034454346,0.74
16146146,21,1.5770087242126465,0.74
20324216,21,1.4419618844985962,0.74
9028068,21,1.4832345247268677,0.74
246799,21,1.5374583005905151,0.74
17086647,21,1.5502103567123413,0.74
16056371,21,1.3432133197784424,0.74
15402075,21,1.5860570669174194,0.74
16199413,21,1.3869534730911257,0.74
16632264,21,1.3000177145004272,0.74
16736004,21,1.3753665685653689,0.74
17739741,21,142.84132385253906,0.74
6004914,21,33.90185546875,0.74
17131843,21,1.4065039157867432,0.74
14895218,21,1.4004292488098145,0.74
9423954,21,1.4189125299453735,0.74
16692290,21,1.382279634475708,0.74
16852685,20,1.3318089246749878,0.87
9419559,20,1.2553092241287231,0.87
15841583,20,1.2818434238433838,0.87
17647764,20,1.2850754261016846,0.87
17651635,20,1.2870160341262815,0.87
10412988,20,17.141639709472653,0.87
10249247,20,1.250186562538147,0.87
16604515,20,1.4553897380828855,0.87
10766285,20,1.725156307220459,0.87
8381504,20,1.3492594957351685,0.87
13637022,20,1.7983152866363523,0.87
10318134,20,8.891578674316406,0.87
17911420,20,1.393030881881714,0.87
8674518,20,1.273151397705078,0.87
18026172,20,4.037543296813965,0.87
10450101,20,1.6821146011352541,0.87
10488152,20,1.281382441520691,0.87
10414448,20,1.5339258909225464,0.87
11478405,20,1.4578877687454224,0.87
16140910,20,1.669618010520935,0.87
15829793,20,1.4806661605834959,0.87
16257030,20,1.2712063789367676,0.87
21242350,20,18.51797866821289,0.87
16521445,20,1.747851848602295,0.87
4560272,20,1.277491331100464,0.87
15811947,20,6.8944902420043945,0.87
18382838,20,1.37322998046875,0.87
9618713,20,1.705067753791809,0.87
8715078,20,1.3867954015731812,0.87
18412316,20,1.7176538705825806,0.87
7694028,20,1.5219812393188477,0.87
18034408,20,1.7250032424926758,0.87
17671104,20,7.140305519104004,0.87
8943297,20,1.3838073015213013,0.87
9383525,20,1.3132970333099363,0.87
17503238,20,1.3433878421783447,0.87
17454774,20,1.2589958906173706,0.87
10162863,20,1.4388587474822998,0.87
9996951,20,1.3297969102859497,0.87
12178297,20,1.693461775779724,0.87
18007672,20,1.5490469932556152,0.87
17445073,20,1.4042825698852541,0.87
9623844,20,1.7897286415100098,0.87
17391092,20,1.2891534566879272,0.87
18395812,20,1.3524707555770874,0.87
19020656,20,6.269730567932129,0.87
15063054,20,134.99494934082028,0.87
18155247,20,1.2890138626098633,0.87
20474647,20,1.356145262718201,0.87
8061834,20,1.3654897212982178,0.87
13670148,20,1.402362823486328,0.87
14653069,20,5.2998385429382315,0.87
8671263,20,1.605010747909546,0.87
14687754,20,1.3940870761871338,0.87
18354747,20,1.2573562860488892,0.87
9243465,20,1.695690035820007,0.87
15258677,20,1.4870604276657104,0.87
17147637,20,24.464311599731445,0.87
17076839,20,1.394012212753296,0.87
10396158,20,1.573514461517334,0.87
14449267,20,1.272651433944702,0.87
17528946,20,1.412048101425171,0.87
16612429,20,1.9228835105896,0.87
17037404,20,1.2968852519989014,0.87
19419622,20,1.263706922531128,0.87
17635405,20,1.4823567867279053,0.87
16952404,20,1.28305184841156,0.87
17117148,20,1.3385297060012815,0.87
17317485,20,2.0382566452026367,0.87
10471573,20,1.2945566177368164,0.87
18094330,20,1036.216552734375,0.87
16214874,20,1.4479857683181765,0.87
12174564,20,1.3340568542480469,0.87
13796726,19,1.714892864227295,1.0
9250333,19,1.3476632833480835,1.0
10329240,19,2.156602144241333,1.0
20629167,19,1.5844566822052002,1.0
13727034,19,1.3084322214126587,1.0
8391630,19,1.7157418727874756,1.0
8931579,19,1.600746512413025,1.0
9768387,19,1.6907854080200195,1.0
10094365,19,1.4378451108932495,1.0
16517496,19,1.6180365085601809,1.0
21059562,19,1.2691854238510132,1.0
20995479,19,1.443808674812317,1.0
10075159,19,1.3063064813613892,1.0
17275741,19,1.3294477462768557,1.0
17150753,19,2.1032476425170903,1.0
14329684,19,1.678769588470459,1.0
13859487,19,1.3410269021987915,1.0
9866839,19,1.9771456718444824,1.0
18996096,19,1.3868554830551147,1.0
10051253,19,1.2646604776382446,1.0
9858662,19,1.5182439088821411,1.0
10011808,19,1.521007061004639,1.0
10021712,19,1.6213804483413696,1.0
9259594,19,3.10376524925232,1.0
10058549,19,1.2987122535705566,1.0
16238797,19,1.3175843954086304,1.0
9067174,19,1.3930630683898926,1.0
12089855,19,1.4159512519836426,1.0
15465662,19,10.09713649749756,1.0
16986867,19,1.2781919240951538,1.0
12211753,19,1.5016417503356934,1.0
8231472,19,1.2654742002487185,1.0
9355439,19,1.7843726873397827,1.0
16462660,19,1.2682029008865356,1.0
14047307,19,1.5476135015487669,1.0
16001261,19,1.33357834815979,1.0
9724895,19,1.572410225868225,1.0
15835145,19,1.4373098611831665,1.0
15180624,19,1.5434894561767578,1.0
9698916,19,1.3244225978851318,1.0
9035933,19,1.2724287509918213,1.0
20398653,19,1.4332871437072754,1.0
13806972,19,1.6338783502578735,1.0
13250440,19,1.732280135154724,1.0
18475201,19,1.2881402969360352,1.0
8911638,19,3.579336881637573,1.0
9139292,19,1.2542182207107544,1.0
13855393,19,4.236282825469972,1.0
8553318,19,1.2616008520126345,1.0
17344766,19,1.5174189805984497,1.0
16707699,19,1.7168058156967163,1.0
18043220,19,1.9038748741149905,1.0
17731118,19,1.3966622352600098,1.0
8672479,19,1.67746102809906,1.0
8464170,19,1.5162030458450315,1.0
13221592,19,1.3022356033325195,1.0
10267875,19,1.4315567016601562,1.0
20845348,19,1.2911516427993774,1.0
18078232,19,1.401683330535889,1.0
8585109,19,1.3588213920593262,1.0
8523299,19,1.326129674911499,1.0
10060829,19,1.520084023475647,1.0
20519791,19,1.3756271600723269,1.0
10806825,19,1.448849320411682,1.0
10187398,19,1.4047328233718872,1.0
8572763,19,1.810157299041748,1.0
18099216,19,1.552541732788086,1.0
18046918,19,1.2653703689575195,1.0
8868680,19,1.428072214126587,1.0
10201808,19,1.378247618675232,1.0
15885742,19,1.3442732095718384,1.0
8318302,19,1.6721798181533811,1.0
11469325,19,1.2537856101989746,1.0
10435970,19,1.518751859664917,1.0
19634929,19,1.5022315979003906,1.0
10277847,19,1.7584269046783447,1.0
15207474,19,1.5606445074081419,1.0
20099625,19,1.702947020530701,1.0
9329031,19,1.5192784070968628,1.0
19299050,19,3.073196649551392,1.0
9212872,19,1.52308452129364,1.0
8292327,19,1.3860172033309937,1.0
18849992,19,1.6471927165985107,1.0
17723838,19,1.447979211807251,1.0
18391952,19,2.1263408660888667,1.0
1707823,19,1.6434396505355835,1.0
15476545,19,1.587506651878357,1.0
9834051,19,1.266270637512207,1.0
9998415,19,1.300455093383789,1.0
9979896,19,1.4220774173736572,1.0
15451066,19,1.2873268127441406,1.0
17596949,19,1.404701590538025,1.0
14427786,19,1.272817850112915,1.0
9179610,19,1.364497184753418,1.0
244670,19,9.76169490814209,1.0
17891603,19,1.6009690761566162,1.0
8607285,19,1.2554450035095217,1.0
19556663,19,1.273775577545166,1.0
14800188,19,1.8993502855300903,1.0
12159162,19,1.3810747861862185,1.0
14071649,19,1.4817649126052856,1.0
9801618,19,1.44670307636261,1.0
16454619,19,1.3373208045959473,1.0
10074039,19,1.4056843519210815,1.0
9542932,19,2.0476322174072266,1.0
17757339,19,1.5124090909957886,1.0
18426434,19,1.404735803604126,1.0
8603770,19,1.3658804893493652,1.0
9314861,19,1.4996752738952637,1.0
10227192,19,1.340159296989441,1.0
9103215,19,1.3707079887390137,1.0
8273411,19,1.557231068611145,1.0
18363467,19,1.6027125120162964,1.0
18390234,19,1.3643710613250732,1.0
2618224,19,1.6668375730514526,1.0
9332957,19,1.457406520843506,1.0
17485458,19,1.4298455715179443,1.0
2754913,19,1.3369072675704956,1.0
9988502,19,1.4408112764358518,1.0
9758420,19,1.5507627725601196,1.0
11140836,19,1.4023963212966921,1.0
18091721,19,1.4530638456344604,1.0
8383464,19,1.581672191619873,1.0
19054212,19,855.1116943359375,1.0
19862361,19,1.2740861177444458,1.0
10629926,19,1.4467298984527588,1.0
8918813,19,1.6754869222640991,1.0
10649315,19,1.4862815141677856,1.0
8729071,19,1.3266774415969849,1.0
11045622,19,1.3391762971878052,1.0
9153721,19,1.3951644897460938,1.0
9837199,19,1.3217686414718628,1.0
14761476,19,1.5598742961883545,1.0
14632180,19,1.338237762451172,1.0
9228472,19,1.5917007923126218,1.0
14066925,19,2.212799549102783,1.0
9278205,19,1.386072278022766,1.0
13732942,19,2.007675647735596,1.0
9900981,19,1.5090019702911377,1.0
12639793,19,1.5711513757705688,1.0
10438463,19,1.6020860671997068,1.0
17881979,19,1.2867263555526731,1.0
9953777,19,1.4910720586776731,1.0
18197883,19,1.5822845697402954,1.0
16680962,19,1.5048911571502686,1.0
12703762,19,1.8537749052047732,1.0
234330,19,5.124452590942383,1.0
17713162,19,1.5890069007873535,1.0
9902779,19,1.7636889219284058,1.0
16718086,19,1.4346323013305664,1.0
17299380,19,1.4263426065444946,1.0
17778320,19,1.9146081209182741,1.0
18306169,19,1.257493495941162,1.0
1021935,19,1.562464475631714,1.0
14715401,19,1.2716515064239502,1.0
9508202,19,1.3258883953094482,1.0
17694922,19,1.8138577938079836,1.0
15471805,19,1.390355944633484,1.0
17951736,19,1.3740756511688232,1.0
10422405,19,1.2687350511550903,1.0
8477729,19,1.4738343954086304,1.0
9281702,19,1.6267601251602173,1.0
16608246,19,1.5405373573303225,1.0
9110372,19,1.2759917974472046,1.0
10280513,19,1.3061429262161257,1.0
10269192,19,1.2979720830917358,1.0
8898960,19,1.3218027353286743,1.0
10869120,19,1.3303284645080566,1.0
20069906,19,2.2459211349487305,1.0
9684479,19,1.2852106094360352,1.0
12673207,19,1.262728571891785,1.0
10536219,19,1.6920933723449707,1.0
8884849,19,1.8999325037002563,1.0
18381161,19,1.6388392448425293,1.0
10612686,19,1.5646754503250122,1.0
18106756,19,1.7169883251190186,1.0
16978214,19,1.4427415132522583,1.0
8253667,19,1.6744743585586548,1.0
18179567,19,1.287879228591919,1.0
9441220,19,1.529456615447998,1.0
10545919,19,1.2783766984939575,1.0
5963334,19,1.3151477575302124,1.0
13629343,19,1.6567482948303225,1.0
17234207,19,1.5641232728958132,1.0
16416251,19,1.3591978549957275,1.0
629179,19,1.3617424964904783,1.0
16623392,19,1.3645877838134766,1.0
18719249,19,1.3081687688827517,1.0
13892596,19,15.05306625366211,1.0
17089652,19,1.320380687713623,1.0
16614949,19,1.7972785234451294,1.0
153308,19,1.3779726028442385,1.0
20770175,19,3.987726211547852,1.0
10005161,19,1.5599485635757446,1.0
8749733,19,1.2565255165100098,1.0
9164673,19,1.306709885597229,1.0
10176511,19,1.5421359539031982,1.0
10603734,18,1.305615782737732,1.26
8443040,18,5.366626739501953,1.26
18377511,18,1.355751633644104,1.26
13694516,18,1.3205455541610718,1.26
14648181,18,1.3109093904495241,1.26
17868997,18,1.3362667560577393,1.26
10171253,18,1.2782251834869385,1.26
8536492,18,1.4871293306350708,1.26
17064786,18,1.4114106893539429,1.26
10664749,18,1.604299545288086,1.26
14623008,18,1.3026833534240725,1.26
13265393,18,3.3709900379180913,1.26
7645673,18,1.5974328517913818,1.26
8088440,18,1.4578839540481567,1.26
16907881,18,1.2570569515228271,1.26
18012948,18,1.368138074874878,1.26
18365400,18,1.3349692821502686,1.26
11009044,18,4.3441219329833975,1.26
8409333,18,1.3796367645263672,1.26
8831030,18,1.2510405778884888,1.26
2424088,18,1.2823486328125,1.26
10878256,18,1.3087643384933472,1.26
12787951,18,1.3322020769119265,1.26
9161415,18,1.5541620254516602,1.26
8549262,18,1.2880233526229858,1.26
9083852,18,6.788958549499513,1.26
9994243,18,6.225581169128418,1.26
9337180,18,1.2542823553085327,1.26
20782068,18,8.860898971557617,1.26
13684843,18,1.55916166305542,1.26
17668706,18,1.7311838865280151,1.26
9022543,18,1.3729509115219116,1.26
9293658,18,1.3203268051147459,1.26
19128179,18,40.24192428588867,1.26
9727663,18,1.9443924427032468,1.26
13727899,18,1.626065731048584,1.26
9987252,18,1.2973486185073853,1.26
17825366,18,1.4924662113189695,1.26
9966100,18,1.2536938190460205,1.26
14552942,18,1.2794822454452517,1.26
10342135,18,1.7257879972457886,1.26
8279115,18,10.785933494567873,1.26
15028757,18,1.2701318264007568,1.26
8518412,18,1.614155411720276,1.26
17180648,18,1.490109920501709,1.26
16342998,18,1.299553632736206,1.26
16275865,18,1.3149899244308472,1.26
8355287,18,1.6013809442520142,1.26
13802320,18,1.349037766456604,1.26
13854598,18,1.5472936630249023,1.26
9789621,18,1.2515478134155271,1.26
9737382,18,1.2825160026550293,1.26
8640505,18,9.223708152770996,1.26
10138698,18,1.3545863628387451,1.26
18129274,18,1.3167778253555298,1.26
9892422,18,3.5472540855407715,1.26
20225920,18,2.562234401702881,1.26
17255594,18,1.3715033531188965,1.26
9070701,18,1.4502615928649902,1.26
2566862,18,1.437483549118042,1.26
16649034,18,1.326774835586548,1.26
16442649,18,1.2500115633010864,1.26
9065058,18,1.4039307832717896,1.26
17700007,18,1.2858189344406128,1.26
12180228,18,1.5410871505737305,1.26
9362530,18,1.273261547088623,1.26
10145405,18,1.2581366300582886,1.26
9224715,18,1.3091316223144531,1.26
13209567,18,4.104574203491212,1.26
13702203,18,1.9590680599212649,1.26
17557355,18,1.6810134649276731,1.26
132808,18,1.5116968154907229,1.26
15165512,18,1.4388771057128906,1.26
9876754,18,1.339350938796997,1.26
9609022,18,1.5133061408996582,1.26
17978268,18,1.4833332300186155,1.26
8328197,18,1.7043617963790894,1.26
9696944,18,1.2782607078552246,1.26
18032140,18,17.855422973632812,1.26
20915734,18,1.4263347387313845,1.26
13239980,18,1.3273931741714478,1.26
8790769,18,1.6943092346191406,1.26
17746162,18,3.835028648376465,1.26
17545416,18,2.224271059036255,1.26
17997834,18,1.2798519134521484,1.26
13659797,18,1.6297621726989746,1.26
11531794,18,1.3569178581237793,1.26
9325839,18,1.277773380279541,1.26
9264861,18,1.252636194229126,1.26
17229908,18,1.3661478757858276,1.26
11509762,18,1.639978528022766,1.26
1784463,18,1.4377797842025757,1.26
15233502,18,1.339327692985535,1.26
19279479,18,1.751262903213501,1.26
10705994,18,1.2596064805984497,1.26
13214972,18,1.418608546257019,1.26
16126633,18,1.4462652206420898,1.26
14088298,18,2.5257391929626465,1.26
8086782,18,1.2901164293289185,1.26
16494872,18,18.85833740234375,1.26
15973149,18,1.4109835624694824,1.26
17805325,18,1.5011212825775146,1.26
17213205,18,78.4801025390625,1.26
9372228,18,1.3707188367843628,1.26
14805237,18,1.291877269744873,1.26
12156651,18,1.945576906204224,1.26
15946708,18,1.2710444927215576,1.26
19575152,17,1.6800694465637207,1.49
21986361,17,1.4605672359466553,1.49
8854394,17,4.442789077758789,1.49
14097766,17,1.498679757118225,1.49
18680975,17,1.2944837808609009,1.49
8910128,17,1.521188259124756,1.49
15322026,17,1.420732498168945,1.49
10953354,17,1.2719115018844604,1.49
9675844,17,1.332121968269348,1.49
12733126,17,1.7954232692718506,1.49
14974619,17,1.6920500993728638,1.49
5990640,17,1.2540863752365112,1.49
9014148,17,1.4764188528060913,1.49
18403595,17,1.426506519317627,1.49
8606402,17,1.399612307548523,1.49
9665096,17,1.2969032526016235,1.49
14774113,17,30.6705379486084,1.49
19250447,17,1.4720110893249512,1.49
9338467,17,1.4916880130767822,1.49
15605780,17,1.382884860038757,1.49
15189923,17,5.948400020599365,1.49
9973364,17,2.0082249641418457,1.49
15988447,17,1.4175028800964355,1.49
16865319,17,1.4834736585617063,1.49
10029006,17,1.2693064212799072,1.49
20695119,17,1.4401564598083496,1.49
9176117,17,1.420696496963501,1.49
16135804,17,38.03921508789063,1.49
8855096,17,1.291751265525818,1.49
10274265,17,2.3033955097198486,1.49
17331331,17,1.5433801412582395,1.49
9662331,17,1.5780322551727295,1.49
9449132,17,1.647469997406006,1.49
17464777,17,1.3305562734603882,1.49
16331601,17,1.6486783027648926,1.49
19975481,17,1.3373323678970337,1.49
19215047,17,1.272160887718201,1.49
18397263,17,1.5356143712997437,1.49
10151568,17,4.217574596405028,1.49
10078535,17,1.3766427040100098,1.49
8878258,17,1.7969489097595217,1.49
8373455,17,1.8053849935531616,1.49
18452163,17,1.2911593914031982,1.49
9306538,17,1.388634443283081,1.49
9940891,17,1.4897123575210571,1.49
8982465,17,1.3081094026565552,1.49
8882042,17,1.627929925918579,1.49
9148964,17,1.3906569480895996,1.49
9677267,17,1.7841658592224119,1.49
9334219,17,1.6804940700531006,1.49
2885113,17,2.1032986640930176,1.49
10065617,17,2.112732172012329,1.49
18063591,17,1.339738368988037,1.49
18320343,17,1.4865769147872925,1.49
2363903,17,1.2628915309906006,1.49
8799477,17,1.255273699760437,1.49
16753620,17,526.5662841796875,1.49
15298813,17,65.71624755859375,1.49
9681628,17,1.4370361566543581,1.49
8361307,17,1.518332839012146,1.49
15350630,17,1.2677520513534546,1.49
10806033,17,1.3944566249847412,1.49
10326234,17,1.5529577732086182,1.49
16079258,17,1.3470885753631592,1.49
17199679,17,1.4490121603012085,1.49
10839220,17,5.475178718566895,1.49
12755176,17,3.27960205078125,1.49
13793733,17,1.6482579708099363,1.49
17906044,17,1.8661152124404907,1.49
10404441,17,1.5020238161087036,1.49
10289726,17,1.8960644006729128,1.49
16561330,17,1.6880840063095093,1.49
17382930,17,3.1144495010375977,1.49
17488818,17,1.2554455995559692,1.49
16291699,17,1.4892287254333496,1.49
10391042,17,1.4538717269897459,1.49
16731731,17,1.5233297348022459,1.49
7144267,17,1.3081355094909668,1.49
20487146,17,44.39221572875977,1.49
18461282,17,1.4857749938964844,1.49
9169641,17,1.4762222766876218,1.49
16583346,17,1.6611586809158323,1.49
8686632,17,6.521138668060303,1.49
8649268,17,1.2588748931884766,1.49
18401511,17,27.82631683349609,1.49
136321,17,1.7990279197692869,1.49
10767898,17,1.5265209674835205,1.49
9942163,17,1.884985446929932,1.49
17760223,17,1.4406784772872925,1.49
9798319,17,1.3915951251983645,1.49
14582104,17,8.084322929382324,1.49
18371252,17,1.6055985689163208,1.49
18271268,17,1.315131664276123,1.49
8322065,17,1.251087665557861,1.49
10653918,17,1.4222460985183716,1.49
10655575,17,1.3845174312591553,1.49
17320704,17,1.2872774600982666,1.49
16262527,17,1.2821307182312012,1.49
17217406,17,1.2549153566360474,1.49
11539241,17,1.4190973043441772,1.49
16116799,17,1.7139649391174316,1.49
17273915,17,1.5775598287582395,1.49
17640299,17,1.4583972692489624,1.49
18153797,17,1.341023087501526,1.49
14371824,17,1.3180975914001465,1.49
8950686,17,1.3702232837677002,1.49
17514526,17,1.3021008968353271,1.49
16041949,17,1.3526767492294312,1.49
16459278,17,1.5317472219467163,1.49
8473904,16,2.897404909133911,1.74
15056752,16,1.3057852983474731,1.74
17592248,16,1.4872843027114868,1.74
16696730,16,2.468855619430542,1.74
16720413,16,1.4398970603942869,1.74
9766116,16,2.8135831356048584,1.74
13851368,16,1.6583147048950195,1.74
10070091,16,1.6886898279190063,1.74
13156705,16,1.4328513145446775,1.74
15595158,16,1.345494508743286,1.74
2045966,16,2.615302562713623,1.74
15871637,16,10.232540130615234,1.74
9231885,16,1.6633955240249634,1.74
17079993,16,1.332732081413269,1.74
13274319,16,1.378754496574402,1.74
8520475,16,1.2907898426055908,1.74
8282540,16,1.5981323719024658,1.74
17189708,16,1.3192148208618164,1.74
20374369,16,3.849315404891968,1.74
14534192,16,1.2899558544158936,1.74
17659955,16,1.362786889076233,1.74
13245189,16,1.3245142698287964,1.74
20809088,16,1.6336812973022459,1.74
15076081,16,1.4066334962844849,1.74
10485458,16,1.2854537963867188,1.74
21924775,16,3.8922634124755864,1.74
9092693,16,1.4375960826873782,1.74
13735226,16,1.30472993850708,1.74
8960069,16,1.5271207094192505,1.74
9937505,16,1.2525616884231567,1.74
9144376,16,4.076770305633545,1.74
13835363,16,1.56795072555542,1.74
11269143,16,1.6861567497253418,1.74
18149098,16,1.7860476970672607,1.74
8511297,16,1.7203785181045532,1.74
9001484,16,1.4229308366775513,1.74
8824645,16,1.3614153861999512,1.74
17336996,16,1.5732283592224119,1.74
8345840,16,1.2514418363571167,1.74
13885345,16,1.350823998451233,1.74
9550845,16,1.3507086038589478,1.74
16999529,16,80.63041687011719,1.74
611455,16,1.5271368026733398,1.74
7168276,16,3.2208423614501958,1.74
17109599,16,3.065244436264038,1.74
15282185,16,1.411587119102478,1.74
9748722,16,1.5450246334075928,1.74
2596041,16,1.5659419298171997,1.74
9650534,16,2.753054141998291,1.74
9467751,16,1.3625953197479248,1.74
13296285,16,1.260500192642212,1.74
17572989,16,1.3155241012573242,1.74
14281806,16,1.3624645471572876,1.74
18181888,16,1.7134158611297607,1.74
9143370,16,1.3367854356765747,1.74
8827411,16,1.4610817432403564,1.74
1732242,16,1.7162998914718628,1.74
15662112,16,2.8187382221221924,1.74
9199077,16,1.4850805997848509,1.74
9604695,16,1.3540990352630615,1.74
16447237,16,1.533415913581848,1.74
8503365,16,1.336037039756775,1.74
8908281,16,2.7544312477111816,1.74
17793626,16,1.4734807014465332,1.74
8883148,16,1.599895715713501,1.74
2603882,16,1.4329273700714111,1.74
9429065,16,1.3442769050598145,1.74
20456942,16,11.128303527832033,1.74
8991643,16,1.5775605440139768,1.74
17532642,16,1.4620300531387331,1.74
17277488,16,3.22964096069336,1.74
8601462,16,1.4483910799026491,1.74
8787254,16,1.3044240474700928,1.74
11176935,16,2.0162708759307857,1.74
8605414,16,1.3915561437606812,1.74
16382117,16,1.3141889572143557,1.74
11044017,16,1.6691097021102903,1.74
9493312,16,1.3133376836776731,1.74
18188054,16,1.6116571426391602,1.74
16684539,16,1.6918402910232544,1.74
17795987,16,1.624021053314209,1.74
9971164,16,1.9347600936889648,1.74
9290561,16,1.5976924896240234,1.74
8595936,16,3.79253602027893,1.74
10128772,16,1.2538464069366455,1.74
17810947,16,1.8425217866897583,1.74
12201834,16,1.275673270225525,1.74
8151798,16,1.2891106605529783,1.74
17666084,16,1.4719183444976809,1.74
18288549,16,1.4314625263214111,1.74
16639749,16,1.3246052265167236,1.74
13202230,16,201.2720184326172,1.74
8476286,16,1.495022177696228,1.74
10736949,16,1.3015047311782837,1.74
8967473,16,1.2823203802108765,1.74
8636849,15,5.017305374145508,2.01
11295927,15,1.371300458908081,2.01
8591423,15,1.505730390548706,2.01
16845586,15,1.261687397956848,2.01
14266205,15,1.4152867794036863,2.01
18329098,15,1.5084352493286133,2.01
16891180,15,1.3327637910842896,2.01
17585532,15,5.043449401855469,2.01
10776575,15,1.2615081071853638,2.01
18024023,15,2.0398898124694824,2.01
8612764,15,1.4221532344818115,2.01
14471017,15,2.358170747756958,2.01
9952720,15,9.010870933532717,2.01
9949138,15,1.307719588279724,2.01
18190488,15,1.2771670818328855,2.01
13163160,15,1.2877416610717771,2.01
9883163,15,1.3441842794418335,2.01
9645592,15,1.40701425075531,2.01
13241492,15,1.4601777791976929,2.01
13781757,15,1.3202861547470093,2.01
9744960,15,1.3814247846603394,2.01
17710820,15,1.5937209129333496,2.01
20163968,15,34.718765258789055,2.01
9430663,15,29.177343368530273,2.01
10344938,15,1.5632690191268919,2.01
9872798,15,1.25668203830719,2.01
12742442,15,1.496337652206421,2.01
13215579,15,1.5231064558029177,2.01
18131526,15,1.3362278938293457,2.01
10955864,15,1.294605374336243,2.01
8856888,15,1.4071370363235474,2.01
9985401,15,1.3210530281066897,2.01
19331309,15,73.5960922241211,2.01
10198003,15,1.4236422777175903,2.01
14085882,15,1.77568781375885,2.01
8741355,15,1.357080340385437,2.01
9068672,15,1.295148253440857,2.01
8372302,15,1.7172878980636597,2.01
16657910,15,1.2504034042358398,2.01
1355479,15,1.699817180633545,2.01
16233063,15,1.3609086275100708,2.01
13277308,15,26.755645751953125,2.01
10374091,15,1.4822298288345337,2.01
16539730,15,7.279205799102782,2.01
10798559,15,1.5816059112548828,2.01
9809640,15,1.3950198888778689,2.01
8497740,15,2.8194684982299805,2.01
10264691,15,1.65138840675354,2.01
9805592,15,1.3103364706039429,2.01
10129998,15,1.4201998710632324,2.01
9612642,15,1.4358508586883545,2.01
8602546,15,1.2530198097229004,2.01
16727953,15,1.4695022106170654,2.01
9479185,15,1.2676122188568115,2.01
17886930,15,1.2877994775772097,2.01
12720100,15,1.3723978996276855,2.01
18065713,15,1.3603013753890991,2.01
10827303,15,1.402220606803894,2.01
17097593,15,1.379784107208252,2.01
8312525,15,1.4341912269592283,2.01
8648067,15,1.3982886075973509,2.01
9344084,15,1.628205418586731,2.01
20278392,15,1.335504174232483,2.01
14757929,15,1.933836340904236,2.01
11618335,15,1.3520187139511108,2.01
20309019,15,43.41667938232422,2.01
8331244,14,1.375086784362793,2.24
8425117,14,1.3101972341537476,2.24
8396742,14,1.3363510370254517,2.24
13681351,14,1.415607213973999,2.24
16578043,14,1.4201231002807615,2.24
15859419,14,1.7739787101745603,2.24
15641197,14,1.6014556884765625,2.24
8085137,14,2.0739669799804688,2.24
9432093,14,1.9816668033599851,2.24
18478750,14,1.3308703899383545,2.24
10131044,14,1.2746926546096802,2.24
16072004,14,1.3330886363983154,2.24
7615993,14,1.4634180068969729,2.24
8723902,14,1.253651142120361,2.24
17144123,14,1.6893436908721924,2.24
13935854,14,1.2735785245895386,2.24
2340103,14,1.354339361190796,2.24
13884102,14,1.251118540763855,2.24
10645724,14,1.807551980018616,2.24
14978115,14,3.6517140865325928,2.24
16012582,14,1.2641630172729492,2.24
8280927,14,1.4237613677978516,2.24
1383228,14,1.5888351202011108,2.24
5958291,14,1.2821593284606934,2.24
17287246,14,1.4008177518844604,2.24
16643441,14,1.2744433879852295,2.24
17682256,14,1.274466037750244,2.24
10931856,14,426.4049377441406,2.24
9200768,14,1.3232156038284302,2.24
10191300,14,1.615480661392212,2.24
10036264,14,1.5526266098022459,2.24
9126771,14,1.6368144750595093,2.24
9854113,14,1.3328495025634766,2.24
10100571,14,4.313260555267334,2.24
13263388,14,1.396165370941162,2.24
17958688,14,1.7311897277832031,2.24
8778322,14,1.447102189064026,2.24
16049479,14,1.301952838897705,2.24
9726406,14,1.3741475343704224,2.24
10880888,14,1.350771427154541,2.24
18312497,14,1.3327194452285769,2.24
9088198,14,1.5508819818496704,2.24
9485864,14,1.3469620943069458,2.24
11530330,14,1.2528979778289795,2.24
18299728,14,1.305860996246338,2.24
10452289,14,1.2854251861572266,2.24
9787366,14,1.3740909099578855,2.24
8920434,14,2.059509515762329,2.24
8411082,13,1.4717601537704468,2.48
15561788,13,1.251020431518555,2.48
8143478,13,4.1239099502563485,2.48
8244581,13,1.7280164957046509,2.48
14151096,13,1.36119282245636,2.48
17879405,13,1.4387412071228027,2.48
8995405,13,1.32368803024292,2.48
9034191,13,1.4040606021881104,2.48
8147615,13,1.5511767864227295,2.48
13217142,13,1.6808830499649048,2.48
8334017,13,1.5639684200286863,2.48
7173883,13,1.402282953262329,2.48
17352149,13,1.5306875705718994,2.48
10735087,13,1.9070711135864256,2.48
10865419,13,1.4231265783309937,2.48
4563637,13,1.323861837387085,2.48
17158415,13,1.2644410133361816,2.48
10321686,13,1.805288791656494,2.48
15673373,13,3.6818690299987793,2.48
9233392,13,3.5731189250946045,2.48
17263372,13,1.7269743680953982,2.48
8505437,13,1.3594108819961548,2.48
16968827,13,1.2819467782974243,2.48
11151015,13,1.383224606513977,2.48
12167958,13,1.3663688898086548,2.48
9742669,13,1.3339632749557495,2.48
19446998,13,1.4749122858047483,2.48
9637443,13,1.4397437572479248,2.48
17518213,13,1.3403440713882446,2.48
10231285,13,1.3129163980484009,2.48
16451641,13,2.12176775932312,2.48
10468841,13,1.5147316455841064,2.48
14883340,13,1.3125892877578735,2.48
20025451,13,1.2947261333465576,2.48
9049341,13,1.8591248989105225,2.48
8448035,13,1.3437553644180298,2.48
13774872,13,1.4831764698028564,2.48
10701958,13,1.303193211555481,2.48
15866157,13,1.5397745370864868,2.48
10809534,13,1.844630599021912,2.48
9005185,13,1.303123116493225,2.48
9693099,13,1.5231982469558716,2.48
15134528,13,1.3117176294326782,2.48
10258828,13,1.255507230758667,2.48
8407168,13,1.261414885520935,2.48
8456337,13,1.4629045724868774,2.48
9101581,13,1.5728108882904053,2.48
9992055,13,1.2557311058044434,2.48
14007135,13,1.407243013381958,2.48
9711436,13,1.334352970123291,2.48
18067707,13,1.4486263990402222,2.48
9654900,13,1.9048110246658323,2.48
10044249,13,1.2646249532699585,2.48
12766336,13,1.402678370475769,2.48
8970962,13,1.7819031476974487,2.48
10403334,13,1.2808027267456057,2.48
10663958,13,1.281907320022583,2.48
8579555,13,1.543567180633545,2.48
8933477,13,1.4525842666625977,2.48
8357017,13,35.80049133300781,2.48
8734901,13,1.3014287948608398,2.48
20640561,13,1.7061333656311035,2.48
16715858,13,1.4207711219787598,2.48
9991034,13,1.3401436805725098,2.48
9599138,13,1.4885293245315552,2.48
10965880,13,1.4338067770004272,2.48
13809906,13,1.834851145744324,2.48
9409131,13,1.645672082901001,2.48
21379521,13,1.4087479114532468,2.48
20532194,13,1.8023583889007568,2.48
18449839,13,1.379047989845276,2.48
42233,13,1.5140269994735718,2.48
8633758,13,1.7939459085464478,2.48
17438870,13,1.4408438205718994,2.48
8926834,13,4.091243267059326,2.48
9630011,13,1.3166052103042605,2.48
11025588,13,1.2874107360839844,2.48
10322481,13,1.4555103778839111,2.48
9884210,13,5.264890193939209,2.48
8257780,13,1.547953963279724,2.48
19316800,13,1.6189284324645996,2.48
20867355,13,1.3204948902130127,2.48
18118060,13,1.274809718132019,2.48
19104572,13,1.3342430591583252,2.48
9401631,13,1.3520407676696775,2.48
1399922,13,1.3125952482223509,2.48
10303118,13,2.324496269226074,2.48
17697184,13,1.26559317111969,2.48
10062855,13,1.5718988180160522,2.48
12737014,13,1.371909499168396,2.48
9017403,13,1.3048603534698486,2.48
9670966,13,1.4603677988052368,2.48
8753689,13,1.5654703378677368,2.48
13864313,13,1.2718839645385742,2.48
9078221,13,1.2857604026794434,2.48
3458704,13,1.2814812660217283,2.48
9715325,13,2.283266544342041,2.48
17401204,13,1.6146329641342163,2.48
2389392,13,1.3310319185256958,2.48
17703229,13,2.001384973526001,2.48
9562859,13,1.9101616144180296,2.48
16472249,13,1.320866942405701,2.48
12153708,13,1.7035696506500244,2.48
9491217,13,1.4103333950042725,2.48
16390783,13,1.438234806060791,2.48
8362459,13,1.2931115627288818,2.48
21730535,13,2.0105233192443848,2.48
8431197,13,1.9428635835647583,2.48
18158078,13,1.3183823823928833,2.48
15046948,13,1.57535982131958,2.48
8797510,13,2.0722699165344243,2.48
16130870,13,2.1744165420532227,2.48
9517736,13,1.281033635139465,2.48
10135222,13,103.4132843017578,2.48
17823746,13,1.3841999769210815,2.48
17707803,13,1.4902387857437134,2.48
20724973,13,1.3057888746261597,2.48
18240264,13,1.706966757774353,2.48
14195765,13,1.3488070964813232,2.48
9230667,13,1.338584303855896,2.48
10099699,13,19.154571533203125,2.48
9312149,13,1.588184833526611,2.48
16467493,13,1.6012681722640991,2.48
18133716,13,1.3891133069992063,2.48
9260962,13,1.3059232234954834,2.48
21573586,13,2.372776985168457,2.48
9755127,13,1.3493832349777222,2.48
17772976,13,7.678242206573486,2.48
10205381,13,1.385710597038269,2.48
9672291,13,1.3968781232833862,2.48
10570405,13,1.4220985174179075,2.48
2318346,13,1.8140506744384768,2.48
10771907,13,1.4405363798141482,2.48
9830238,13,1.288681149482727,2.48
10223985,13,1.28069806098938,2.48
18333175,13,1.2860910892486572,2.48
13664607,13,1.282288670539856,2.48
10183374,13,1.3444722890853882,2.48
13667603,13,1.6565915346145632,2.48
12131215,13,2.3390772342681885,2.48
10148849,13,2.005554676055908,2.48
9319534,13,1.4243731498718262,2.48
17020669,13,1.6100249290466309,2.48
9835509,13,1.3947464227676392,2.48
13821357,13,1.2858704328536987,2.48
20655128,13,1.2869104146957395,2.48
19987957,13,1.2962710857391355,2.48
14042156,13,1.262392282485962,2.48
8345213,13,1.4940645694732666,2.48
17057996,13,1.271591067314148,2.48
17193503,13,1.4373383522033691,2.48
8377959,13,1.6118327379226685,2.48
9700340,13,1.3175898790359497,2.48
10503078,13,1.3121222257614136,2.48
13303312,13,1.4382411241531372,2.48
12765203,13,1.4916927814483645,2.48
16921468,13,1.269663691520691,2.48
13989413,13,1.7777777910232544,2.48
8826312,13,1.5732961893081665,2.48
10493261,13,1.2722669839859009,2.48
14910180,13,1.5632797479629517,2.48
12759145,13,1.544827938079834,2.48
10382478,13,1.4696401357650757,2.48
14021165,13,2.113731384277344,2.48
18215142,13,2.0128340721130367,2.48
6623023,13,1.451075315475464,2.48
13747961,13,1.3479211330413818,2.48
20009128,13,1.440024733543396,2.48
16971377,13,1.4073631763458252,2.48
14916079,13,2.6348695755004883,2.48
13938864,13,1.3622785806655884,2.48
13878026,12,1.7057842016220093,3.02
10978426,12,1.5103323459625244,3.02
13787626,12,2.3510372638702397,3.02
20710010,12,1.292490839958191,3.02
17293007,12,1.8116880655288696,3.02
18781589,12,1.3164875507354736,3.02
11482233,12,1.3447998762130735,3.02
11393724,12,1.4841200113296509,3.02
12663356,12,52.79309844970703,3.02
17033425,12,1.2865184545516968,3.02
9803024,12,2.0226202011108403,3.02
9317854,12,2.513180732727051,3.02
9714039,12,4.733223915100098,3.02
9889408,12,1.3824899196624756,3.02
8317333,12,2.1808784008026123,3.02
8141417,12,72.4131851196289,3.02
8135170,12,1.6100404262542725,3.02
10859653,12,1.357689619064331,3.02
10297940,12,1.366846799850464,3.02
15265735,12,1.3571279048919678,3.02
8095972,12,2.3530843257904053,3.02
13197331,12,1.2872415781021118,3.02
16573398,12,2.530059576034546,3.02
18385552,12,1.2699458599090576,3.02
9358477,12,2.4148733615875244,3.02
16791966,12,1.490900635719299,3.02
9205473,12,1.353208065032959,3.02
9285916,12,1.331326246261597,3.02
12764317,12,1.3130391836166382,3.02
10107361,12,2.685199499130249,3.02
10126313,12,1.26190185546875,3.02
10465290,12,1.5295429229736328,3.02
10184329,12,1.301305055618286,3.02
9369572,12,1.3107951879501345,3.02
9258026,12,2.4120428562164307,3.02
9815878,12,1.3989132642745972,3.02
9185697,12,1.2713230848312378,3.02
10574372,12,1.6197252273559568,3.02
11502825,12,1.5551081895828247,3.02
10908161,12,1.5145885944366455,3.02
18169630,12,1.2752771377563477,3.02
10535450,12,1.285054326057434,3.02
10467985,12,1.6032612323760986,3.02
9407314,12,1.3251492977142334,3.02
9002083,12,1.7474452257156372,3.02
8743717,12,1.5227181911468506,3.02
16888475,12,1.4622766971588137,3.02
10193360,12,2.426898002624512,3.02
10162089,12,1.2558513879776,3.02
9981020,12,1.2739028930664062,3.02
9957052,12,1.4721674919128418,3.02
9936590,12,2.4838578701019287,3.02
11223365,12,1.5958837270736694,3.02
10489107,12,1.3327645063400269,3.02
13642713,12,1.542899489402771,3.02
9756070,12,1.3791618347167969,3.02
18816264,12,1.371934175491333,3.02
13287072,12,1.705492615699768,3.02
11506545,12,1.4008086919784546,3.02
9051080,12,3.546724796295166,3.02
16899534,12,1.4498064517974854,3.02
16376964,12,1.5521094799041748,3.02
8441417,12,1.2683509588241575,3.02
10284426,12,1.31582772731781,3.02
9753782,12,5.102839469909668,3.02
10297070,12,1.3372737169265747,3.02
10311973,12,2.1636109352111816,3.02
10455656,12,1.2544370889663696,3.02
15907325,12,1.5268369913101196,3.02
9607626,12,1.570970892906189,3.02
16429681,12,1.4836583137512207,3.02
19955964,12,1.3760970830917358,3.02
17749095,12,1.6003245115280151,3.02
17976051,12,1.374575972557068,3.02
8730962,12,1.4590109586715698,3.02
18408010,12,2.0001177787780757,3.02
10144558,12,1.512582540512085,3.02
9384896,12,1.2747043371200562,3.02
17074705,12,2.25830340385437,3.02
13183666,12,1.355078101158142,3.02
10913697,12,3.5302531719207764,3.02
10738666,12,1.4607443809509275,3.02
17025267,12,1.4147734642028809,3.02
8780419,12,1.4105194807052612,3.02
14892359,12,2.5149247646331787,3.02
9490637,12,1.4902726411819458,3.02
15424768,12,1.7419503927230835,3.02
10232228,12,1.7137607336044312,3.02
10616938,12,1.6841992139816284,3.02
17379781,12,1.390323042869568,3.02
10214810,12,1.2705292701721191,3.02
10221112,12,1.4090282917022705,3.02
9924169,12,1.3928226232528689,3.02
9738645,12,1.7411516904830933,3.02
8858657,12,1.6757044792175293,3.02
9299365,12,2.3341600894927983,3.02
11564242,12,1.3134303092956543,3.02
9308021,12,1.451412558555603,3.02
9659441,12,1.388197422027588,3.02
10644456,12,1.352286696434021,3.02
17873830,12,2.6983652114868164,3.02
10420476,12,1.2598780393600464,3.02
8803865,12,1.2641685009002686,3.02
9366625,12,1.4147601127624512,3.02
18410128,12,1.3048334121704102,3.02
139399,12,1.4062398672103882,3.02
14593753,12,1.5105268955230713,3.02
15106378,12,1.3605326414108276,3.02
10363688,12,1.4352762699127195,3.02
17559547,12,2.156609058380127,3.02
9152137,12,2.9427919387817383,3.02
11318262,12,1.3853305578231812,3.02
9639906,12,3.0708925724029537,3.02
9263568,12,1.7538230419158936,3.02
10657105,12,2.0627670288085938,3.02
9986361,12,1.4906132221221924,3.02
18120449,12,1.463370442390442,3.02
9339931,12,4.542885780334473,3.02
15927499,12,12.663833618164062,3.02
9885454,12,1.4475865364074707,3.02
12728080,12,7.289769649505615,3.02
172897,12,1.511293649673462,3.02
19076566,12,217.5791931152344,3.02
18185717,12,1.385298490524292,3.02
10192190,12,2.1932697296142583,3.02
15336991,12,1.3377465009689329,3.02
10724784,12,1.7639762163162231,3.02
9779252,12,1.288022756576538,3.02
14132544,12,1.521667242050171,3.02
16123378,12,1.8865636587142944,3.02
1760770,12,1.2814559936523438,3.02
13795732,12,1.6884565353393557,3.02
2421202,12,1.9028302431106567,3.02
8691365,12,1.262289047241211,3.02
8623367,12,2.752171039581299,3.02
10123230,12,1.385743260383606,3.02
11276282,12,1.3065531253814695,3.02
11106874,12,1.4157205820083618,3.02
10868196,12,1.3074679374694824,3.02
14359554,12,11.438844680786133,3.02
14384639,12,1.4594860076904297,3.02
14706695,12,1.3267898559570312,3.02
2458049,12,1.510355830192566,3.02
8479313,12,1.3120259046554563,3.02
13773121,12,1.3152552843093872,3.02
9860151,12,1.3246334791183472,3.02
